# This file contains an input profile of atmospheric properties for
# the multiscatter code. The comand-line should be of the form:
#   ./multiscatter [options] [input_file] > [output_file]
# or
#   ./multiscatter [options] < [input_file] > [output_file]
# Suitable options for this input file are:
#    -no-forward-lobe -gaussian-receiver
# The file format consists of any number of comment lines starting
# with "#", followed by a line of 5 data values:
#   1. number of points in profile
#   2. instrument wavelength (m)
#   3. instrument altitude (m)
#   4. transmitter 1/e half-width (radians)
#   5. receiver half-width (radians)
#      (1/e half-width if the "-gaussian-receiver" option
#       is specified, top-hat half-width otherwise)
# The subsequent lines contain 4 or more elements:
#   1. range above ground, starting with nearest point to instrument (m)
#   2. extinction coefficient of cloud/aerosol only (m-1)
#   3. equivalent-area particle radius of cloud/aerosol (m)
#   4. extinction-to-backscatter ratio of cloud/aerosol (sterad)
#   5. extinction coefficient of air (m-1) (default 0)
#   6. single scattering albedo of cloud/aerosol
#   7. scattering asymmetry factor of cloud/aerosol
#   8. single scattering albedo of air (isotropic scattering)
# Note that the last three elements correspond to the wide-angle
# multiple-scattering calculation and if this is omitted then only
# the quasi-small-angle multiple-scattering calculation is performed.
# For more help on how to run the code, type:
#   ./multiscatter -help
201 0.00318979 715000 0.00113203 0.00113203
8050 0 0.00145049 1 0 1 0 0 0 0
7950 0.0003766 0.0145049 1.59156 0 0.98355 0.2259 0 0 0
7850 0.0003766 0.0145049 15.9156 0 0.98355 0.2259 0 0 0
7750 0.0003766 0.0145049 15.9156 0 0.98355 0.2259 0 0 0
7650 0.0003766 0.0145049 15.9156 0 0.98355 0.2259 0 0 0
7550 0.0003766 0.0145049 15.9156 0 0.98355 0.2259 0 0 0
7450 0.0003766 0.0145049 15.9156 0 0.98355 0.2259 0 0 0
7350 0.0003766 0.0145049 15.9156 0 0.98355 0.2259 0 0 0
7250 0.0003766 0.0145049 15.9156 0 0.98355 0.2259 0 0 0
7150 0.0003766 0.00145049 15.9156 0 0.98355 0.2259 0 0 0
7050 0.0003766 0.00145049 15.9156 0 0.98355 0.2259 0 0 0
6950 0.0003766 0.00145049 15.9156 0 0.98355 0.2259 0 0 0
6850 0.0003766 0.00145049 15.9156 0 0.98355 0.2259 0 0 0
6750 0.0003766 0.00145049 15.9156 0 0.98355 0.2259 0 0 0
6650 0.0003766 0.00145049 15.9156 0 0.98355 0.2259 0 0 0
6550 0.0003766 0.00145049 15.9156 0 0.98355 0.2259 0 0 0
6450 0.0003766 0.00145049 15.9156 0 0.98355 0.2259 0 0 0
6350 0.0003766 0.00145049 15.9156 0 0.98355 0.2259 0 0 0
6250 0.0003766 0.00145049 15.9156 0 0.98355 0.2259 0 0 0
6150 0.0003766 0.00145049 15.9156 0 0.98355 0.2259 0 0 0
6050 0.0003766 0.00145049 15.9156 0 0.98355 0.2259 0 0 0
5950 0.0003766 0.00145049 15.9156 0 0.98355 0.2259 0 0 0
5850 0.0003766 0.00145049 15.9156 0 0.98355 0.2259 0 0 0
5750 0.0003766 0.00145049 15.9156 0 0.98355 0.2259 0 0 0
5650 0.0003766 0.00145049 15.9156 0 0.98355 0.2259 0 0 0
5550 0.0003766 0.00145049 15.9156 0 0.98355 0.2259 0 0 0
5450 0.0003766 0.00145049 15.9156 0 0.98355 0.2259 0 0 0
5350 0.0003766 0.00145049 15.9156 0 0.98355 0.2259 0 0 0
5250 0.0003766 0.00145049 15.9156 0 0.98355 0.2259 0 0 0
5150 0.0003766 0.00145049 15.9156 0 0.98355 0.2259 0 0 0
5050 0.0003766 0.00145049 15.9156 0 0.98355 0.2259 0 0 0
4950 0.0003766 0.00145049 15.9156 0 0.98355 0.2259 0 0 0
4850 0.0003766 0.00145049 15.9156 0 0.98355 0.2259 0 0 0
4750 0.0003766 0.00145049 15.9156 0 0.98355 0.2259 0 0 0
4650 0.0003766 0.00145049 15.9156 0 0.98355 0.2259 0 0 0
4550 0.0003766 0.00145049 15.9156 0 0.98355 0.2259 0 0 0
4450 0.0003766 0.00145049 15.9156 0 0.98355 0.2259 0 0 0
4350 0.0003766 0.00145049 15.9156 0 0.98355 0.2259 0 0 0
4250 0.0003766 0.00145049 15.9156 0 0.98355 0.2259 0 0 0
4150 0.0003766 0.00145049 15.9156 0 0.98355 0.2259 0 0 0
4050 0.0003766 0.00145049 15.9156 0 0.98355 0.2259 0 0 0
3950 0.00130145 0.00145049 23.3279 0 0.41738 0.0559 0 0 0
3850 0.00130145 0.00145049 23.3279 0 0.41738 0.0559 0 0 0
3750 0.00130145 0.00145049 23.3279 0 0.41738 0.0559 0 0 0
3650 0.00130145 0.00145049 23.3279 0 0.41738 0.0559 0 0 0
3550 0.00130145 0.00145049 23.3279 0 0.41738 0.0559 0 0 0
3450 0.00130145 0.00145049 23.3279 0 0.41738 0.0559 0 0 0
3350 0.00130145 0.00145049 23.3279 0 0.41738 0.0559 0 0 0
3250 0.00130145 0.00145049 23.3279 0 0.41738 0.0559 0 0 0
3150 0.00130145 0.00145049 23.3279 0 0.41738 0.0559 0 0 0
3050 0.00130145 0.00145049 23.3279 0 0.41738 0.0559 0 0 0
2950 0.00130145 0.00145049 23.3279 0 0.41738 0.0559 0 0 0
2850 0.00130145 0.00145049 23.3279 0 0.41738 0.0559 0 0 0
2750 0.00130145 0.00145049 23.3279 0 0.41738 0.0559 0 0 0
2650 0.00130145 0.00145049 23.3279 0 0.41738 0.0559 0 0 0
2550 0.00130145 0.00145049 23.3279 0 0.41738 0.0559 0 0 0
2450 0.00130145 0.00145049 23.3279 0 0.41738 0.0559 0 0 0
2350 0.00130145 0.00145049 23.3279 0 0.41738 0.0559 0 0 0
2250 0.00130145 0.00145049 23.3279 0 0.41738 0.0559 0 0 0
2150 0.00130145 0.00145049 23.3279 0 0.41738 0.0559 0 0 0
2050 0.00130145 0.00145049 23.3279 0 0.41738 0.0559 0 0 0
1950 0.00130145 0.00145049 23.3279 0 0.41738 0.0559 0 0 0
1850 0.00130145 0.00145049 23.3279 0 0.41738 0.0559 0 0 0
1750 0.00130145 0.00145049 23.3279 0 0.41738 0.0559 0 0 0
1650 0.00130145 0.00145049 23.3279 0 0.41738 0.0559 0 0 0
1550 0.00130145 0.00145049 23.3279 0 0.41738 0.0559 0 0 0
1450 0.00130145 0.00145049 23.3279 0 0.41738 0.0559 0 0 0
1350 0.00130145 0.00145049 23.3279 0 0.41738 0.0559 0 0 0
1250 0.00130145 0.00145049 23.3279 0 0.41738 0.0559 0 0 0
1150 0.00130145 0.00145049 23.3279 0 0.41738 0.0559 0 0 0
1050 0.00130145 0.00145049 23.3279 0 0.41738 0.0559 0 0 0
950 0.00130145 0.00145049 23.3279 0 0.41738 0.0559 0 0 0
850 0.00130145 0.00145049 23.3279 0 0.41738 0.0559 0 0 0
750 0.00130145 0.00145049 23.3279 0 0.41738 0.0559 0 0 0
650 0.00130145 0.00145049 23.3279 0 0.41738 0.0559 0 0 0
550 0.00130145 0.00145049 23.3279 0 0.41738 0.0559 0 0 0
450 0.00130145 0.00145049 23.3279 0 0.41738 0.0559 0 0 0
350 0.00130145 0.00145049 23.3279 0 0.41738 0.0559 0 0 0
250 0.00130145 0.00145049 23.3279 0 0.41738 0.0559 0 0 0
150 0.00130145 0.00145049 23.3279 0 0.41738 0.0559 0 0 0
50 0.00130145 0.00145049 23.3279 0 0.41738 0.0559 0 0 0
-50 0 0.00145049 1 0 1 0 0 0 0
-150 0 0.00145049 1 0 1 0 0 0 0
-250 0 0.00145049 1 0 1 0 0 0 0
-350 0 0.00145049 1 0 1 0 0 0 0
-450 0 0.00145049 1 0 1 0 0 0 0
-550 0 0.00145049 1 0 1 0 0 0 0
-650 0 0.00145049 1 0 1 0 0 0 0
-750 0 0.00145049 1 0 1 0 0 0 0
-850 0 0.00145049 1 0 1 0 0 0 0
-950 0 0.00145049 1 0 1 0 0 0 0
-1050 0 0.00145049 1 0 1 0 0 0 0
-1150 0 0.00145049 1 0 1 0 0 0 0
-1250 0 0.00145049 1 0 1 0 0 0 0
-1350 0 0.00145049 1 0 1 0 0 0 0
-1450 0 0.00145049 1 0 1 0 0 0 0
-1550 0 0.00145049 1 0 1 0 0 0 0
-1650 0 0.00145049 1 0 1 0 0 0 0
-1750 0 0.00145049 1 0 1 0 0 0 0
-1850 0 0.00145049 1 0 1 0 0 0 0
-1950 0 0.00145049 1 0 1 0 0 0 0
-2050 0 0.00145049 1 0 1 0 0 0 0
-2150 0 0.00145049 1 0 1 0 0 0 0
-2250 0 0.00145049 1 0 1 0 0 0 0
-2350 0 0.00145049 1 0 1 0 0 0 0
-2450 0 0.00145049 1 0 1 0 0 0 0
-2550 0 0.00145049 1 0 1 0 0 0 0
-2650 0 0.00145049 1 0 1 0 0 0 0
-2750 0 0.00145049 1 0 1 0 0 0 0
-2850 0 0.00145049 1 0 1 0 0 0 0
-2950 0 0.00145049 1 0 1 0 0 0 0
-3050 0 0.00145049 1 0 1 0 0 0 0
-3150 0 0.00145049 1 0 1 0 0 0 0
-3250 0 0.00145049 1 0 1 0 0 0 0
-3350 0 0.00145049 1 0 1 0 0 0 0
-3450 0 0.00145049 1 0 1 0 0 0 0
-3550 0 0.00145049 1 0 1 0 0 0 0
-3650 0 0.00145049 1 0 1 0 0 0 0
-3750 0 0.00145049 1 0 1 0 0 0 0
-3850 0 0.00145049 1 0 1 0 0 0 0
-3950 0 0.00145049 1 0 1 0 0 0 0
-4050 0 0.00145049 1 0 1 0 0 0 0
-4150 0 0.00145049 1 0 1 0 0 0 0
-4250 0 0.00145049 1 0 1 0 0 0 0
-4350 0 0.00145049 1 0 1 0 0 0 0
-4450 0 0.00145049 1 0 1 0 0 0 0
-4550 0 0.00145049 1 0 1 0 0 0 0
-4650 0 0.00145049 1 0 1 0 0 0 0
-4750 0 0.00145049 1 0 1 0 0 0 0
-4850 0 0.00145049 1 0 1 0 0 0 0
-4950 0 0.00145049 1 0 1 0 0 0 0
-5050 0 0.00145049 1 0 1 0 0 0 0
-5150 0 0.00145049 1 0 1 0 0 0 0
-5250 0 0.00145049 1 0 1 0 0 0 0
-5350 0 0.00145049 1 0 1 0 0 0 0
-5450 0 0.00145049 1 0 1 0 0 0 0
-5550 0 0.00145049 1 0 1 0 0 0 0
-5650 0 0.00145049 1 0 1 0 0 0 0
-5750 0 0.00145049 1 0 1 0 0 0 0
-5850 0 0.00145049 1 0 1 0 0 0 0
-5950 0 0.00145049 1 0 1 0 0 0 0
-6050 0 0.00145049 1 0 1 0 0 0 0
-6150 0 0.00145049 1 0 1 0 0 0 0
-6250 0 0.00145049 1 0 1 0 0 0 0
-6350 0 0.00145049 1 0 1 0 0 0 0
-6450 0 0.00145049 1 0 1 0 0 0 0
-6550 0 0.00145049 1 0 1 0 0 0 0
-6650 0 0.00145049 1 0 1 0 0 0 0
-6750 0 0.00145049 1 0 1 0 0 0 0
-6850 0 0.00145049 1 0 1 0 0 0 0
-6950 0 0.00145049 1 0 1 0 0 0 0
-7050 0 0.00145049 1 0 1 0 0 0 0
-7150 0 0.00145049 1 0 1 0 0 0 0
-7250 0 0.00145049 1 0 1 0 0 0 0
-7350 0 0.00145049 1 0 1 0 0 0 0
-7450 0 0.00145049 1 0 1 0 0 0 0
-7550 0 0.00145049 1 0 1 0 0 0 0
-7650 0 0.00145049 1 0 1 0 0 0 0
-7750 0 0.00145049 1 0 1 0 0 0 0
-7850 0 0.00145049 1 0 1 0 0 0 0
-7950 0 0.00145049 1 0 1 0 0 0 0
-8050 0 0.00145049 1 0 1 0 0 0 0
-8150 0 0.00145049 1 0 1 0 0 0 0
-8250 0 0.00145049 1 0 1 0 0 0 0
-8350 0 0.00145049 1 0 1 0 0 0 0
-8450 0 0.00145049 1 0 1 0 0 0 0
-8550 0 0.00145049 1 0 1 0 0 0 0
-8650 0 0.00145049 1 0 1 0 0 0 0
-8750 0 0.00145049 1 0 1 0 0 0 0
-8850 0 0.00145049 1 0 1 0 0 0 0
-8950 0 0.00145049 1 0 1 0 0 0 0
-9050 0 0.00145049 1 0 1 0 0 0 0
-9150 0 0.00145049 1 0 1 0 0 0 0
-9250 0 0.00145049 1 0 1 0 0 0 0
-9350 0 0.00145049 1 0 1 0 0 0 0
-9450 0 0.00145049 1 0 1 0 0 0 0
-9550 0 0.00145049 1 0 1 0 0 0 0
-9650 0 0.00145049 1 0 1 0 0 0 0
-9750 0 0.00145049 1 0 1 0 0 0 0
-9850 0 0.00145049 1 0 1 0 0 0 0
-9950 0 0.00145049 1 0 1 0 0 0 0
-10050 0 0.00145049 1 0 1 0 0 0 0
-10150 0 0.00145049 1 0 1 0 0 0 0
-10250 0 0.00145049 1 0 1 0 0 0 0
-10350 0 0.00145049 1 0 1 0 0 0 0
-10450 0 0.00145049 1 0 1 0 0 0 0
-10550 0 0.00145049 1 0 1 0 0 0 0
-10650 0 0.00145049 1 0 1 0 0 0 0
-10750 0 0.00145049 1 0 1 0 0 0 0
-10850 0 0.00145049 1 0 1 0 0 0 0
-10950 0 0.00145049 1 0 1 0 0 0 0
-11050 0 0.00145049 1 0 1 0 0 0 0
-11150 0 0.00145049 1 0 1 0 0 0 0
-11250 0 0.00145049 1 0 1 0 0 0 0
-11350 0 0.00145049 1 0 1 0 0 0 0
-11450 0 0.00145049 1 0 1 0 0 0 0
-11550 0 0.00145049 1 0 1 0 0 0 0
-11650 0 0.00145049 1 0 1 0 0 0 0
-11750 0 0.00145049 1 0 1 0 0 0 0
-11850 0 0.00145049 1 0 1 0 0 0 0
-11950 0 0.00145049 1 0 1 0 0 0 0
