# This file contains an input profile of atmospheric properties for
# the multiscatter code. The comand-line should be of the form:
#   ./multiscatter [options] [input_file] > [output_file]
# or
#   ./multiscatter [options] < [input_file] > [output_file]
# No options are necessary for this particular file.
# The file format consists of any number of comment lines starting
# with "#", followed by a line of 5 data values:
#   1. number of points in profile
#   2. instrument wavelength (m)
#   3. instrument altitude (m)
#   4. transmitter 1/e half-width (radians)
#   5. receiver half-width (radians)
#      (1/e half-width if the "-gaussian-receiver" option
#       is specified, top-hat half-width otherwise)
# The subsequent lines contain 4 or more elements:
#   1. range above ground, starting with nearest point to instrument (m)
#   2. extinction coefficient of cloud/aerosol only (m-1)
#   3. equivalent-area particle radius of cloud/aerosol (m)
#   4. extinction-to-backscatter ratio of cloud/aerosol (sterad)
#   5. extinction coefficient of air (m-1) (default 0)
#   6. single scattering albedo of cloud/aerosol
#   7. scattering asymmetry factor of cloud/aerosol
#   8. single scattering albedo of air (isotropic scattering)
# Note that the last three elements correspond to the wide-angle
# multiple-scattering calculation and if this is omitted then only
# the quasi-small-angle multiple-scattering calculation is performed.
# For more help on how to run the code, type:
#   ./multiscatter -help
514 5.32e-07 -1e+06 2.5e-09 0.0025
7.5 0.04 1.19605e-05 19.4105 0 1 0.8634 1
22.5 0.04 1.19605e-05 19.4105 0 1 0.8634 1
37.5 0.04 1.19605e-05 19.4105 0 1 0.8634 1
52.5 0.04 1.19605e-05 19.4105 0 1 0.8634 1
67.5 0.04 1.19605e-05 19.4105 0 1 0.8634 1
82.5 0.04 1.19605e-05 19.4105 0 1 0.8634 1
97.5 0.04 1.19605e-05 19.4105 0 1 0.8634 1
112.5 0.04 1.19605e-05 19.4105 0 1 0.8634 1
127.5 0.04 1.19605e-05 19.4105 0 1 0.8634 1
142.5 0.04 1.19605e-05 19.4105 0 1 0.8634 1
157.5 0.04 1.19605e-05 19.4105 0 1 0.8634 1
172.5 0.04 1.19605e-05 19.4105 0 1 0.8634 1
187.5 0.04 1.19605e-05 19.4105 0 1 0.8634 1
202.5 0.04 1.19605e-05 19.4105 0 1 0.8634 1
217.5 0.04 1.19605e-05 19.4105 0 1 0.8634 1
232.5 0.04 1.19605e-05 19.4105 0 1 0.8634 1
247.5 0.04 1.19605e-05 19.4105 0 1 0.8634 1
262.5 0.04 1.19605e-05 19.4105 0 1 0.8634 1
277.5 0.04 1.19605e-05 19.4105 0 1 0.8634 1
292.5 0.04 1.19605e-05 19.4105 0 1 0.8634 1
307.5 0.04 1.19605e-05 19.4105 0 1 0.8634 1
322.5 0.04 1.19605e-05 19.4105 0 1 0.8634 1
337.5 0.04 1.19605e-05 19.4105 0 1 0.8634 1
352.5 0.04 1.19605e-05 19.4105 0 1 0.8634 1
367.5 0.04 1.19605e-05 19.4105 0 1 0.8634 1
382.5 0.04 1.19605e-05 19.4105 0 1 0.8634 1
397.5 0.04 1.19605e-05 19.4105 0 1 0.8634 1
412.5 0.04 1.19605e-05 19.4105 0 1 0.8634 1
427.5 0.04 1.19605e-05 19.4105 0 1 0.8634 1
442.5 0.04 1.19605e-05 19.4105 0 1 0.8634 1
457.5 0.04 1.19605e-05 19.4105 0 1 0.8634 1
472.5 0.04 1.19605e-05 19.4105 0 1 0.8634 1
487.5 0.04 1.19605e-05 19.4105 0 1 0.8634 1
502.5 0.0133333 1.19605e-05 19.4105 0 1 0.8634 1
517.5 0 1.19605e-05 19.4105 0 1 0.8634 1
532.5 0 1.19605e-05 19.4105 0 1 0.8634 1
547.5 0 1.19605e-05 19.4105 0 1 0.8634 1
562.5 0 1.19605e-05 19.4105 0 1 0.8634 1
577.5 0 1.19605e-05 19.4105 0 1 0.8634 1
592.5 0 1.19605e-05 19.4105 0 1 0.8634 1
607.5 0 1.19605e-05 19.4105 0 1 0.8634 1
622.5 0 1.19605e-05 19.4105 0 1 0.8634 1
637.5 0 1.19605e-05 19.4105 0 1 0.8634 1
652.5 0 1.19605e-05 19.4105 0 1 0.8634 1
667.5 0 1.19605e-05 19.4105 0 1 0.8634 1
682.5 0 1.19605e-05 19.4105 0 1 0.8634 1
697.5 0 1.19605e-05 19.4105 0 1 0.8634 1
712.5 0 1.19605e-05 19.4105 0 1 0.8634 1
727.5 0 1.19605e-05 19.4105 0 1 0.8634 1
742.5 0 1.19605e-05 19.4105 0 1 0.8634 1
757.5 0 1.19605e-05 19.4105 0 1 0.8634 1
772.5 0 1.19605e-05 19.4105 0 1 0.8634 1
787.5 0 1.19605e-05 19.4105 0 1 0.8634 1
802.5 0 1.19605e-05 19.4105 0 1 0.8634 1
817.5 0 1.19605e-05 19.4105 0 1 0.8634 1
832.5 0 1.19605e-05 19.4105 0 1 0.8634 1
847.5 0 1.19605e-05 19.4105 0 1 0.8634 1
862.5 0 1.19605e-05 19.4105 0 1 0.8634 1
877.5 0 1.19605e-05 19.4105 0 1 0.8634 1
892.5 0 1.19605e-05 19.4105 0 1 0.8634 1
907.5 0 1.19605e-05 19.4105 0 1 0.8634 1
922.5 0 1.19605e-05 19.4105 0 1 0.8634 1
937.5 0 1.19605e-05 19.4105 0 1 0.8634 1
952.5 0 1.19605e-05 19.4105 0 1 0.8634 1
967.5 0 1.19605e-05 19.4105 0 1 0.8634 1
982.5 0 1.19605e-05 19.4105 0 1 0.8634 1
997.5 0 1.19605e-05 19.4105 0 1 0.8634 1
1012.5 0 1.19605e-05 19.4105 0 1 0.8634 1
1027.5 0 1.19605e-05 19.4105 0 1 0.8634 1
1042.5 0 1.19605e-05 19.4105 0 1 0.8634 1
1057.5 0 1.19605e-05 19.4105 0 1 0.8634 1
1072.5 0 1.19605e-05 19.4105 0 1 0.8634 1
1087.5 0 1.19605e-05 19.4105 0 1 0.8634 1
1102.5 0 1.19605e-05 19.4105 0 1 0.8634 1
1117.5 0 1.19605e-05 19.4105 0 1 0.8634 1
1132.5 0 1.19605e-05 19.4105 0 1 0.8634 1
1147.5 0 1.19605e-05 19.4105 0 1 0.8634 1
1162.5 0 1.19605e-05 19.4105 0 1 0.8634 1
1177.5 0 1.19605e-05 19.4105 0 1 0.8634 1
1192.5 0 1.19605e-05 19.4105 0 1 0.8634 1
1207.5 0 1.19605e-05 19.4105 0 1 0.8634 1
1222.5 0 1.19605e-05 19.4105 0 1 0.8634 1
1237.5 0 1.19605e-05 19.4105 0 1 0.8634 1
1252.5 0 1.19605e-05 19.4105 0 1 0.8634 1
1267.5 0 1.19605e-05 19.4105 0 1 0.8634 1
1282.5 0 1.19605e-05 19.4105 0 1 0.8634 1
1297.5 0 1.19605e-05 19.4105 0 1 0.8634 1
1312.5 0 1.19605e-05 19.4105 0 1 0.8634 1
1327.5 0 1.19605e-05 19.4105 0 1 0.8634 1
1342.5 0 1.19605e-05 19.4105 0 1 0.8634 1
1357.5 0 1.19605e-05 19.4105 0 1 0.8634 1
1372.5 0 1.19605e-05 19.4105 0 1 0.8634 1
1387.5 0 1.19605e-05 19.4105 0 1 0.8634 1
1402.5 0 1.19605e-05 19.4105 0 1 0.8634 1
1417.5 0 1.19605e-05 19.4105 0 1 0.8634 1
1432.5 0 1.19605e-05 19.4105 0 1 0.8634 1
1447.5 0 1.19605e-05 19.4105 0 1 0.8634 1
1462.5 0 1.19605e-05 19.4105 0 1 0.8634 1
1477.5 0 1.19605e-05 19.4105 0 1 0.8634 1
1492.5 0 1.19605e-05 19.4105 0 1 0.8634 1
1507.5 0 1.19605e-05 19.4105 0 1 0.8634 1
1522.5 0 1.19605e-05 19.4105 0 1 0.8634 1
1537.5 0 1.19605e-05 19.4105 0 1 0.8634 1
1552.5 0 1.19605e-05 19.4105 0 1 0.8634 1
1567.5 0 1.19605e-05 19.4105 0 1 0.8634 1
1582.5 0 1.19605e-05 19.4105 0 1 0.8634 1
1597.5 0 1.19605e-05 19.4105 0 1 0.8634 1
1612.5 0 1.19605e-05 19.4105 0 1 0.8634 1
1627.5 0 1.19605e-05 19.4105 0 1 0.8634 1
1642.5 0 1.19605e-05 19.4105 0 1 0.8634 1
1657.5 0 1.19605e-05 19.4105 0 1 0.8634 1
1672.5 0 1.19605e-05 19.4105 0 1 0.8634 1
1687.5 0 1.19605e-05 19.4105 0 1 0.8634 1
1702.5 0 1.19605e-05 19.4105 0 1 0.8634 1
1717.5 0 1.19605e-05 19.4105 0 1 0.8634 1
1732.5 0 1.19605e-05 19.4105 0 1 0.8634 1
1747.5 0 1.19605e-05 19.4105 0 1 0.8634 1
1762.5 0 1.19605e-05 19.4105 0 1 0.8634 1
1777.5 0 1.19605e-05 19.4105 0 1 0.8634 1
1792.5 0 1.19605e-05 19.4105 0 1 0.8634 1
1807.5 0 1.19605e-05 19.4105 0 1 0.8634 1
1822.5 0 1.19605e-05 19.4105 0 1 0.8634 1
1837.5 0 1.19605e-05 19.4105 0 1 0.8634 1
1852.5 0 1.19605e-05 19.4105 0 1 0.8634 1
1867.5 0 1.19605e-05 19.4105 0 1 0.8634 1
1882.5 0 1.19605e-05 19.4105 0 1 0.8634 1
1897.5 0 1.19605e-05 19.4105 0 1 0.8634 1
1912.5 0 1.19605e-05 19.4105 0 1 0.8634 1
1927.5 0 1.19605e-05 19.4105 0 1 0.8634 1
1942.5 0 1.19605e-05 19.4105 0 1 0.8634 1
1957.5 0 1.19605e-05 19.4105 0 1 0.8634 1
1972.5 0 1.19605e-05 19.4105 0 1 0.8634 1
1987.5 0 1.19605e-05 19.4105 0 1 0.8634 1
2002.5 0 1.19605e-05 19.4105 0 1 0.8634 1
2017.5 0 1.19605e-05 19.4105 0 1 0.8634 1
2032.5 0 1.19605e-05 19.4105 0 1 0.8634 1
2047.5 0 1.19605e-05 19.4105 0 1 0.8634 1
2062.5 0 1.19605e-05 19.4105 0 1 0.8634 1
2077.5 0 1.19605e-05 19.4105 0 1 0.8634 1
2092.5 0 1.19605e-05 19.4105 0 1 0.8634 1
2107.5 0 1.19605e-05 19.4105 0 1 0.8634 1
2122.5 0 1.19605e-05 19.4105 0 1 0.8634 1
2137.5 0 1.19605e-05 19.4105 0 1 0.8634 1
2152.5 0 1.19605e-05 19.4105 0 1 0.8634 1
2167.5 0 1.19605e-05 19.4105 0 1 0.8634 1
2182.5 0 1.19605e-05 19.4105 0 1 0.8634 1
2197.5 0 1.19605e-05 19.4105 0 1 0.8634 1
2212.5 0 1.19605e-05 19.4105 0 1 0.8634 1
2227.5 0 1.19605e-05 19.4105 0 1 0.8634 1
2242.5 0 1.19605e-05 19.4105 0 1 0.8634 1
2257.5 0 1.19605e-05 19.4105 0 1 0.8634 1
2272.5 0 1.19605e-05 19.4105 0 1 0.8634 1
2287.5 0 1.19605e-05 19.4105 0 1 0.8634 1
2302.5 0 1.19605e-05 19.4105 0 1 0.8634 1
2317.5 0 1.19605e-05 19.4105 0 1 0.8634 1
2332.5 0 1.19605e-05 19.4105 0 1 0.8634 1
2347.5 0 1.19605e-05 19.4105 0 1 0.8634 1
2362.5 0 1.19605e-05 19.4105 0 1 0.8634 1
2377.5 0 1.19605e-05 19.4105 0 1 0.8634 1
2392.5 0 1.19605e-05 19.4105 0 1 0.8634 1
2407.5 0 1.19605e-05 19.4105 0 1 0.8634 1
2422.5 0 1.19605e-05 19.4105 0 1 0.8634 1
2437.5 0 1.19605e-05 19.4105 0 1 0.8634 1
2452.5 0 1.19605e-05 19.4105 0 1 0.8634 1
2467.5 0 1.19605e-05 19.4105 0 1 0.8634 1
2482.5 0 1.19605e-05 19.4105 0 1 0.8634 1
2497.5 0 1.19605e-05 19.4105 0 1 0.8634 1
2512.5 0 1.19605e-05 19.4105 0 1 0.8634 1
2527.5 0 1.19605e-05 19.4105 0 1 0.8634 1
2542.5 0 1.19605e-05 19.4105 0 1 0.8634 1
2557.5 0 1.19605e-05 19.4105 0 1 0.8634 1
2572.5 0 1.19605e-05 19.4105 0 1 0.8634 1
2587.5 0 1.19605e-05 19.4105 0 1 0.8634 1
2602.5 0 1.19605e-05 19.4105 0 1 0.8634 1
2617.5 0 1.19605e-05 19.4105 0 1 0.8634 1
2632.5 0 1.19605e-05 19.4105 0 1 0.8634 1
2647.5 0 1.19605e-05 19.4105 0 1 0.8634 1
2662.5 0 1.19605e-05 19.4105 0 1 0.8634 1
2677.5 0 1.19605e-05 19.4105 0 1 0.8634 1
2692.5 0 1.19605e-05 19.4105 0 1 0.8634 1
2707.5 0 1.19605e-05 19.4105 0 1 0.8634 1
2722.5 0 1.19605e-05 19.4105 0 1 0.8634 1
2737.5 0 1.19605e-05 19.4105 0 1 0.8634 1
2752.5 0 1.19605e-05 19.4105 0 1 0.8634 1
2767.5 0 1.19605e-05 19.4105 0 1 0.8634 1
2782.5 0 1.19605e-05 19.4105 0 1 0.8634 1
2797.5 0 1.19605e-05 19.4105 0 1 0.8634 1
2812.5 0 1.19605e-05 19.4105 0 1 0.8634 1
2827.5 0 1.19605e-05 19.4105 0 1 0.8634 1
2842.5 0 1.19605e-05 19.4105 0 1 0.8634 1
2857.5 0 1.19605e-05 19.4105 0 1 0.8634 1
2872.5 0 1.19605e-05 19.4105 0 1 0.8634 1
2887.5 0 1.19605e-05 19.4105 0 1 0.8634 1
2902.5 0 1.19605e-05 19.4105 0 1 0.8634 1
2917.5 0 1.19605e-05 19.4105 0 1 0.8634 1
2932.5 0 1.19605e-05 19.4105 0 1 0.8634 1
2947.5 0 1.19605e-05 19.4105 0 1 0.8634 1
2962.5 0 1.19605e-05 19.4105 0 1 0.8634 1
2977.5 0 1.19605e-05 19.4105 0 1 0.8634 1
2992.5 0 1.19605e-05 19.4105 0 1 0.8634 1
3007.5 0 1.19605e-05 19.4105 0 1 0.8634 1
3022.5 0 1.19605e-05 19.4105 0 1 0.8634 1
3037.5 0 1.19605e-05 19.4105 0 1 0.8634 1
3052.5 0 1.19605e-05 19.4105 0 1 0.8634 1
3067.5 0 1.19605e-05 19.4105 0 1 0.8634 1
3082.5 0 1.19605e-05 19.4105 0 1 0.8634 1
3097.5 0 1.19605e-05 19.4105 0 1 0.8634 1
3112.5 0 1.19605e-05 19.4105 0 1 0.8634 1
3127.5 0 1.19605e-05 19.4105 0 1 0.8634 1
3142.5 0 1.19605e-05 19.4105 0 1 0.8634 1
3157.5 0 1.19605e-05 19.4105 0 1 0.8634 1
3172.5 0 1.19605e-05 19.4105 0 1 0.8634 1
3187.5 0 1.19605e-05 19.4105 0 1 0.8634 1
3202.5 0 1.19605e-05 19.4105 0 1 0.8634 1
3217.5 0 1.19605e-05 19.4105 0 1 0.8634 1
3232.5 0 1.19605e-05 19.4105 0 1 0.8634 1
3247.5 0 1.19605e-05 19.4105 0 1 0.8634 1
3262.5 0 1.19605e-05 19.4105 0 1 0.8634 1
3277.5 0 1.19605e-05 19.4105 0 1 0.8634 1
3292.5 0 1.19605e-05 19.4105 0 1 0.8634 1
3307.5 0 1.19605e-05 19.4105 0 1 0.8634 1
3322.5 0 1.19605e-05 19.4105 0 1 0.8634 1
3337.5 0 1.19605e-05 19.4105 0 1 0.8634 1
3352.5 0 1.19605e-05 19.4105 0 1 0.8634 1
3367.5 0 1.19605e-05 19.4105 0 1 0.8634 1
3382.5 0 1.19605e-05 19.4105 0 1 0.8634 1
3397.5 0 1.19605e-05 19.4105 0 1 0.8634 1
3412.5 0 1.19605e-05 19.4105 0 1 0.8634 1
3427.5 0 1.19605e-05 19.4105 0 1 0.8634 1
3442.5 0 1.19605e-05 19.4105 0 1 0.8634 1
3457.5 0 1.19605e-05 19.4105 0 1 0.8634 1
3472.5 0 1.19605e-05 19.4105 0 1 0.8634 1
3487.5 0 1.19605e-05 19.4105 0 1 0.8634 1
3502.5 0 1.19605e-05 19.4105 0 1 0.8634 1
3517.5 0 1.19605e-05 19.4105 0 1 0.8634 1
3532.5 0 1.19605e-05 19.4105 0 1 0.8634 1
3547.5 0 1.19605e-05 19.4105 0 1 0.8634 1
3562.5 0 1.19605e-05 19.4105 0 1 0.8634 1
3577.5 0 1.19605e-05 19.4105 0 1 0.8634 1
3592.5 0 1.19605e-05 19.4105 0 1 0.8634 1
3607.5 0 1.19605e-05 19.4105 0 1 0.8634 1
3622.5 0 1.19605e-05 19.4105 0 1 0.8634 1
3637.5 0 1.19605e-05 19.4105 0 1 0.8634 1
3652.5 0 1.19605e-05 19.4105 0 1 0.8634 1
3667.5 0 1.19605e-05 19.4105 0 1 0.8634 1
3682.5 0 1.19605e-05 19.4105 0 1 0.8634 1
3697.5 0 1.19605e-05 19.4105 0 1 0.8634 1
3712.5 0 1.19605e-05 19.4105 0 1 0.8634 1
3727.5 0 1.19605e-05 19.4105 0 1 0.8634 1
3742.5 0 1.19605e-05 19.4105 0 1 0.8634 1
3757.5 0 1.19605e-05 19.4105 0 1 0.8634 1
3772.5 0 1.19605e-05 19.4105 0 1 0.8634 1
3787.5 0 1.19605e-05 19.4105 0 1 0.8634 1
3802.5 0 1.19605e-05 19.4105 0 1 0.8634 1
3817.5 0 1.19605e-05 19.4105 0 1 0.8634 1
3832.5 0 1.19605e-05 19.4105 0 1 0.8634 1
3847.5 0 1.19605e-05 19.4105 0 1 0.8634 1
3862.5 0 1.19605e-05 19.4105 0 1 0.8634 1
3877.5 0 1.19605e-05 19.4105 0 1 0.8634 1
3892.5 0 1.19605e-05 19.4105 0 1 0.8634 1
3907.5 0 1.19605e-05 19.4105 0 1 0.8634 1
3922.5 0 1.19605e-05 19.4105 0 1 0.8634 1
3937.5 0 1.19605e-05 19.4105 0 1 0.8634 1
3952.5 0 1.19605e-05 19.4105 0 1 0.8634 1
3967.5 0 1.19605e-05 19.4105 0 1 0.8634 1
3982.5 0 1.19605e-05 19.4105 0 1 0.8634 1
3997.5 0 1.19605e-05 19.4105 0 1 0.8634 1
4012.5 0 1.19605e-05 19.4105 0 1 0.8634 1
4027.5 0 1.19605e-05 19.4105 0 1 0.8634 1
4042.5 0 1.19605e-05 19.4105 0 1 0.8634 1
4057.5 0 1.19605e-05 19.4105 0 1 0.8634 1
4072.5 0 1.19605e-05 19.4105 0 1 0.8634 1
4087.5 0 1.19605e-05 19.4105 0 1 0.8634 1
4102.5 0 1.19605e-05 19.4105 0 1 0.8634 1
4117.5 0 1.19605e-05 19.4105 0 1 0.8634 1
4132.5 0 1.19605e-05 19.4105 0 1 0.8634 1
4147.5 0 1.19605e-05 19.4105 0 1 0.8634 1
4162.5 0 1.19605e-05 19.4105 0 1 0.8634 1
4177.5 0 1.19605e-05 19.4105 0 1 0.8634 1
4192.5 0 1.19605e-05 19.4105 0 1 0.8634 1
4207.5 0 1.19605e-05 19.4105 0 1 0.8634 1
4222.5 0 1.19605e-05 19.4105 0 1 0.8634 1
4237.5 0 1.19605e-05 19.4105 0 1 0.8634 1
4252.5 0 1.19605e-05 19.4105 0 1 0.8634 1
4267.5 0 1.19605e-05 19.4105 0 1 0.8634 1
4282.5 0 1.19605e-05 19.4105 0 1 0.8634 1
4297.5 0 1.19605e-05 19.4105 0 1 0.8634 1
4312.5 0 1.19605e-05 19.4105 0 1 0.8634 1
4327.5 0 1.19605e-05 19.4105 0 1 0.8634 1
4342.5 0 1.19605e-05 19.4105 0 1 0.8634 1
4357.5 0 1.19605e-05 19.4105 0 1 0.8634 1
4372.5 0 1.19605e-05 19.4105 0 1 0.8634 1
4387.5 0 1.19605e-05 19.4105 0 1 0.8634 1
4402.5 0 1.19605e-05 19.4105 0 1 0.8634 1
4417.5 0 1.19605e-05 19.4105 0 1 0.8634 1
4432.5 0 1.19605e-05 19.4105 0 1 0.8634 1
4447.5 0 1.19605e-05 19.4105 0 1 0.8634 1
4462.5 0 1.19605e-05 19.4105 0 1 0.8634 1
4477.5 0 1.19605e-05 19.4105 0 1 0.8634 1
4492.5 0 1.19605e-05 19.4105 0 1 0.8634 1
4507.5 0 1.19605e-05 19.4105 0 1 0.8634 1
4522.5 0 1.19605e-05 19.4105 0 1 0.8634 1
4537.5 0 1.19605e-05 19.4105 0 1 0.8634 1
4552.5 0 1.19605e-05 19.4105 0 1 0.8634 1
4567.5 0 1.19605e-05 19.4105 0 1 0.8634 1
4582.5 0 1.19605e-05 19.4105 0 1 0.8634 1
4597.5 0 1.19605e-05 19.4105 0 1 0.8634 1
4612.5 0 1.19605e-05 19.4105 0 1 0.8634 1
4627.5 0 1.19605e-05 19.4105 0 1 0.8634 1
4642.5 0 1.19605e-05 19.4105 0 1 0.8634 1
4657.5 0 1.19605e-05 19.4105 0 1 0.8634 1
4672.5 0 1.19605e-05 19.4105 0 1 0.8634 1
4687.5 0 1.19605e-05 19.4105 0 1 0.8634 1
4702.5 0 1.19605e-05 19.4105 0 1 0.8634 1
4717.5 0 1.19605e-05 19.4105 0 1 0.8634 1
4732.5 0 1.19605e-05 19.4105 0 1 0.8634 1
4747.5 0 1.19605e-05 19.4105 0 1 0.8634 1
4762.5 0 1.19605e-05 19.4105 0 1 0.8634 1
4777.5 0 1.19605e-05 19.4105 0 1 0.8634 1
4792.5 0 1.19605e-05 19.4105 0 1 0.8634 1
4807.5 0 1.19605e-05 19.4105 0 1 0.8634 1
4822.5 0 1.19605e-05 19.4105 0 1 0.8634 1
4837.5 0 1.19605e-05 19.4105 0 1 0.8634 1
4852.5 0 1.19605e-05 19.4105 0 1 0.8634 1
4867.5 0 1.19605e-05 19.4105 0 1 0.8634 1
4882.5 0 1.19605e-05 19.4105 0 1 0.8634 1
4897.5 0 1.19605e-05 19.4105 0 1 0.8634 1
4912.5 0 1.19605e-05 19.4105 0 1 0.8634 1
4927.5 0 1.19605e-05 19.4105 0 1 0.8634 1
4942.5 0 1.19605e-05 19.4105 0 1 0.8634 1
4957.5 0 1.19605e-05 19.4105 0 1 0.8634 1
4972.5 0 1.19605e-05 19.4105 0 1 0.8634 1
4987.5 0 1.19605e-05 19.4105 0 1 0.8634 1
5002.5 0 1.19605e-05 19.4105 0 1 0.8634 1
5017.5 0 1.19605e-05 19.4105 0 1 0.8634 1
5032.5 0 1.19605e-05 19.4105 0 1 0.8634 1
5047.5 0 1.19605e-05 19.4105 0 1 0.8634 1
5062.5 0 1.19605e-05 19.4105 0 1 0.8634 1
5077.5 0 1.19605e-05 19.4105 0 1 0.8634 1
5092.5 0 1.19605e-05 19.4105 0 1 0.8634 1
5107.5 0 1.19605e-05 19.4105 0 1 0.8634 1
5122.5 0 1.19605e-05 19.4105 0 1 0.8634 1
5137.5 0 1.19605e-05 19.4105 0 1 0.8634 1
5152.5 0 1.19605e-05 19.4105 0 1 0.8634 1
5167.5 0 1.19605e-05 19.4105 0 1 0.8634 1
5182.5 0 1.19605e-05 19.4105 0 1 0.8634 1
5197.5 0 1.19605e-05 19.4105 0 1 0.8634 1
5212.5 0 1.19605e-05 19.4105 0 1 0.8634 1
5227.5 0 1.19605e-05 19.4105 0 1 0.8634 1
5242.5 0 1.19605e-05 19.4105 0 1 0.8634 1
5257.5 0 1.19605e-05 19.4105 0 1 0.8634 1
5272.5 0 1.19605e-05 19.4105 0 1 0.8634 1
5287.5 0 1.19605e-05 19.4105 0 1 0.8634 1
5302.5 0 1.19605e-05 19.4105 0 1 0.8634 1
5317.5 0 1.19605e-05 19.4105 0 1 0.8634 1
5332.5 0 1.19605e-05 19.4105 0 1 0.8634 1
5347.5 0 1.19605e-05 19.4105 0 1 0.8634 1
5362.5 0 1.19605e-05 19.4105 0 1 0.8634 1
5377.5 0 1.19605e-05 19.4105 0 1 0.8634 1
5392.5 0 1.19605e-05 19.4105 0 1 0.8634 1
5407.5 0 1.19605e-05 19.4105 0 1 0.8634 1
5422.5 0 1.19605e-05 19.4105 0 1 0.8634 1
5437.5 0 1.19605e-05 19.4105 0 1 0.8634 1
5452.5 0 1.19605e-05 19.4105 0 1 0.8634 1
5467.5 0 1.19605e-05 19.4105 0 1 0.8634 1
5482.5 0 1.19605e-05 19.4105 0 1 0.8634 1
5497.5 0 1.19605e-05 19.4105 0 1 0.8634 1
5512.5 0 1.19605e-05 19.4105 0 1 0.8634 1
5527.5 0 1.19605e-05 19.4105 0 1 0.8634 1
5542.5 0 1.19605e-05 19.4105 0 1 0.8634 1
5557.5 0 1.19605e-05 19.4105 0 1 0.8634 1
5572.5 0 1.19605e-05 19.4105 0 1 0.8634 1
5587.5 0 1.19605e-05 19.4105 0 1 0.8634 1
5602.5 0 1.19605e-05 19.4105 0 1 0.8634 1
5617.5 0 1.19605e-05 19.4105 0 1 0.8634 1
5632.5 0 1.19605e-05 19.4105 0 1 0.8634 1
5647.5 0 1.19605e-05 19.4105 0 1 0.8634 1
5662.5 0 1.19605e-05 19.4105 0 1 0.8634 1
5677.5 0 1.19605e-05 19.4105 0 1 0.8634 1
5692.5 0 1.19605e-05 19.4105 0 1 0.8634 1
5707.5 0 1.19605e-05 19.4105 0 1 0.8634 1
5722.5 0 1.19605e-05 19.4105 0 1 0.8634 1
5737.5 0 1.19605e-05 19.4105 0 1 0.8634 1
5752.5 0 1.19605e-05 19.4105 0 1 0.8634 1
5767.5 0 1.19605e-05 19.4105 0 1 0.8634 1
5782.5 0 1.19605e-05 19.4105 0 1 0.8634 1
5797.5 0 1.19605e-05 19.4105 0 1 0.8634 1
5812.5 0 1.19605e-05 19.4105 0 1 0.8634 1
5827.5 0 1.19605e-05 19.4105 0 1 0.8634 1
5842.5 0 1.19605e-05 19.4105 0 1 0.8634 1
5857.5 0 1.19605e-05 19.4105 0 1 0.8634 1
5872.5 0 1.19605e-05 19.4105 0 1 0.8634 1
5887.5 0 1.19605e-05 19.4105 0 1 0.8634 1
5902.5 0 1.19605e-05 19.4105 0 1 0.8634 1
5917.5 0 1.19605e-05 19.4105 0 1 0.8634 1
5932.5 0 1.19605e-05 19.4105 0 1 0.8634 1
5947.5 0 1.19605e-05 19.4105 0 1 0.8634 1
5962.5 0 1.19605e-05 19.4105 0 1 0.8634 1
5977.5 0 1.19605e-05 19.4105 0 1 0.8634 1
5992.5 0 1.19605e-05 19.4105 0 1 0.8634 1
6007.5 0 1.19605e-05 19.4105 0 1 0.8634 1
6022.5 0 1.19605e-05 19.4105 0 1 0.8634 1
6037.5 0 1.19605e-05 19.4105 0 1 0.8634 1
6052.5 0 1.19605e-05 19.4105 0 1 0.8634 1
6067.5 0 1.19605e-05 19.4105 0 1 0.8634 1
6082.5 0 1.19605e-05 19.4105 0 1 0.8634 1
6097.5 0 1.19605e-05 19.4105 0 1 0.8634 1
6112.5 0 1.19605e-05 19.4105 0 1 0.8634 1
6127.5 0 1.19605e-05 19.4105 0 1 0.8634 1
6142.5 0 1.19605e-05 19.4105 0 1 0.8634 1
6157.5 0 1.19605e-05 19.4105 0 1 0.8634 1
6172.5 0 1.19605e-05 19.4105 0 1 0.8634 1
6187.5 0 1.19605e-05 19.4105 0 1 0.8634 1
6202.5 0 1.19605e-05 19.4105 0 1 0.8634 1
6217.5 0 1.19605e-05 19.4105 0 1 0.8634 1
6232.5 0 1.19605e-05 19.4105 0 1 0.8634 1
6247.5 0 1.19605e-05 19.4105 0 1 0.8634 1
6262.5 0 1.19605e-05 19.4105 0 1 0.8634 1
6277.5 0 1.19605e-05 19.4105 0 1 0.8634 1
6292.5 0 1.19605e-05 19.4105 0 1 0.8634 1
6307.5 0 1.19605e-05 19.4105 0 1 0.8634 1
6322.5 0 1.19605e-05 19.4105 0 1 0.8634 1
6337.5 0 1.19605e-05 19.4105 0 1 0.8634 1
6352.5 0 1.19605e-05 19.4105 0 1 0.8634 1
6367.5 0 1.19605e-05 19.4105 0 1 0.8634 1
6382.5 0 1.19605e-05 19.4105 0 1 0.8634 1
6397.5 0 1.19605e-05 19.4105 0 1 0.8634 1
6412.5 0 1.19605e-05 19.4105 0 1 0.8634 1
6427.5 0 1.19605e-05 19.4105 0 1 0.8634 1
6442.5 0 1.19605e-05 19.4105 0 1 0.8634 1
6457.5 0 1.19605e-05 19.4105 0 1 0.8634 1
6472.5 0 1.19605e-05 19.4105 0 1 0.8634 1
6487.5 0 1.19605e-05 19.4105 0 1 0.8634 1
6502.5 0 1.19605e-05 19.4105 0 1 0.8634 1
6517.5 0 1.19605e-05 19.4105 0 1 0.8634 1
6532.5 0 1.19605e-05 19.4105 0 1 0.8634 1
6547.5 0 1.19605e-05 19.4105 0 1 0.8634 1
6562.5 0 1.19605e-05 19.4105 0 1 0.8634 1
6577.5 0 1.19605e-05 19.4105 0 1 0.8634 1
6592.5 0 1.19605e-05 19.4105 0 1 0.8634 1
6607.5 0 1.19605e-05 19.4105 0 1 0.8634 1
6622.5 0 1.19605e-05 19.4105 0 1 0.8634 1
6637.5 0 1.19605e-05 19.4105 0 1 0.8634 1
6652.5 0 1.19605e-05 19.4105 0 1 0.8634 1
6667.5 0 1.19605e-05 19.4105 0 1 0.8634 1
6682.5 0 1.19605e-05 19.4105 0 1 0.8634 1
6697.5 0 1.19605e-05 19.4105 0 1 0.8634 1
6712.5 0 1.19605e-05 19.4105 0 1 0.8634 1
6727.5 0 1.19605e-05 19.4105 0 1 0.8634 1
6742.5 0 1.19605e-05 19.4105 0 1 0.8634 1
6757.5 0 1.19605e-05 19.4105 0 1 0.8634 1
6772.5 0 1.19605e-05 19.4105 0 1 0.8634 1
6787.5 0 1.19605e-05 19.4105 0 1 0.8634 1
6802.5 0 1.19605e-05 19.4105 0 1 0.8634 1
6817.5 0 1.19605e-05 19.4105 0 1 0.8634 1
6832.5 0 1.19605e-05 19.4105 0 1 0.8634 1
6847.5 0 1.19605e-05 19.4105 0 1 0.8634 1
6862.5 0 1.19605e-05 19.4105 0 1 0.8634 1
6877.5 0 1.19605e-05 19.4105 0 1 0.8634 1
6892.5 0 1.19605e-05 19.4105 0 1 0.8634 1
6907.5 0 1.19605e-05 19.4105 0 1 0.8634 1
6922.5 0 1.19605e-05 19.4105 0 1 0.8634 1
6937.5 0 1.19605e-05 19.4105 0 1 0.8634 1
6952.5 0 1.19605e-05 19.4105 0 1 0.8634 1
6967.5 0 1.19605e-05 19.4105 0 1 0.8634 1
6982.5 0 1.19605e-05 19.4105 0 1 0.8634 1
6997.5 0 1.19605e-05 19.4105 0 1 0.8634 1
7012.5 0 1.19605e-05 19.4105 0 1 0.8634 1
7027.5 0 1.19605e-05 19.4105 0 1 0.8634 1
7042.5 0 1.19605e-05 19.4105 0 1 0.8634 1
7057.5 0 1.19605e-05 19.4105 0 1 0.8634 1
7072.5 0 1.19605e-05 19.4105 0 1 0.8634 1
7087.5 0 1.19605e-05 19.4105 0 1 0.8634 1
7102.5 0 1.19605e-05 19.4105 0 1 0.8634 1
7117.5 0 1.19605e-05 19.4105 0 1 0.8634 1
7132.5 0 1.19605e-05 19.4105 0 1 0.8634 1
7147.5 0 1.19605e-05 19.4105 0 1 0.8634 1
7162.5 0 1.19605e-05 19.4105 0 1 0.8634 1
7177.5 0 1.19605e-05 19.4105 0 1 0.8634 1
7192.5 0 1.19605e-05 19.4105 0 1 0.8634 1
7207.5 0 1.19605e-05 19.4105 0 1 0.8634 1
7222.5 0 1.19605e-05 19.4105 0 1 0.8634 1
7237.5 0 1.19605e-05 19.4105 0 1 0.8634 1
7252.5 0 1.19605e-05 19.4105 0 1 0.8634 1
7267.5 0 1.19605e-05 19.4105 0 1 0.8634 1
7282.5 0 1.19605e-05 19.4105 0 1 0.8634 1
7297.5 0 1.19605e-05 19.4105 0 1 0.8634 1
7312.5 0 1.19605e-05 19.4105 0 1 0.8634 1
7327.5 0 1.19605e-05 19.4105 0 1 0.8634 1
7342.5 0 1.19605e-05 19.4105 0 1 0.8634 1
7357.5 0 1.19605e-05 19.4105 0 1 0.8634 1
7372.5 0 1.19605e-05 19.4105 0 1 0.8634 1
7387.5 0 1.19605e-05 19.4105 0 1 0.8634 1
7402.5 0 1.19605e-05 19.4105 0 1 0.8634 1
7417.5 0 1.19605e-05 19.4105 0 1 0.8634 1
7432.5 0 1.19605e-05 19.4105 0 1 0.8634 1
7447.5 0 1.19605e-05 19.4105 0 1 0.8634 1
7462.5 0 1.19605e-05 19.4105 0 1 0.8634 1
7477.5 0 1.19605e-05 19.4105 0 1 0.8634 1
7492.5 0 1.19605e-05 19.4105 0 1 0.8634 1
7507.5 0 1.19605e-05 19.4105 0 1 0.8634 1
7522.5 0 1.19605e-05 19.4105 0 1 0.8634 1
7537.5 0 1.19605e-05 19.4105 0 1 0.8634 1
7552.5 0 1.19605e-05 19.4105 0 1 0.8634 1
7567.5 0 1.19605e-05 19.4105 0 1 0.8634 1
7582.5 0 1.19605e-05 19.4105 0 1 0.8634 1
7597.5 0 1.19605e-05 19.4105 0 1 0.8634 1
7612.5 0 1.19605e-05 19.4105 0 1 0.8634 1
7627.5 0 1.19605e-05 19.4105 0 1 0.8634 1
7642.5 0 1.19605e-05 19.4105 0 1 0.8634 1
7657.5 0 1.19605e-05 19.4105 0 1 0.8634 1
7672.5 0 1.19605e-05 19.4105 0 1 0.8634 1
7687.5 0 1.19605e-05 19.4105 0 1 0.8634 1
7702.5 0 1.19605e-05 19.4105 0 1 0.8634 1
