# This file contains an input profile of atmospheric properties for
# the multiscatter code. The comand-line should be of the form:
#   ./multiscatter [options] [input_file] > [output_file]
# or
#   ./multiscatter [options] < [input_file] > [output_file]
# Suitable options for this input file are:
#    -no-forward-lobe -gaussian-receiver
# The file format consists of any number of comment lines starting
# with "#", followed by a line of 5 data values:
#   1. number of points in profile
#   2. instrument wavelength (m)
#   3. instrument altitude (m)
#   4. transmitter 1/e half-width (radians)
#   5. receiver half-width (radians)
#      (1/e half-width if the "-gaussian-receiver" option
#       is specified, top-hat half-width otherwise)
# The subsequent lines contain 4 or more elements:
#   1. range above ground, starting with nearest point to instrument (m)
#   2. extinction coefficient of cloud/aerosol only (m-1)
#   3. equivalent-area particle radius of cloud/aerosol (m)
#   4. extinction-to-backscatter ratio of cloud/aerosol (sterad)
#   5. extinction coefficient of air (m-1) (default 0)
#   6. single scattering albedo of cloud/aerosol
#   7. scattering asymmetry factor of cloud/aerosol
#   8. single scattering albedo of air (isotropic scattering)
# Note that the last three elements correspond to the wide-angle
# multiple-scattering calculation and if this is omitted then only
# the quasi-small-angle multiple-scattering calculation is performed.
# For more help on how to run the code, type:
#   ./multiscatter -help
80 0.00857 400000 0.006217304763960306 0.006217304763960306
19875 1.7e-07 0.001 1000.0 0.0 0.0 0.0 0 0 0
19625 1.5e-07 0.001 1000.0 0.0 0.0 0.0 0 0 0
19375 1.4e-07 0.001 1000.0 0.0 0.0 0.0 0 0 0
19125 1.3e-07 0.001 1000.0 0.0 0.0 0.0 0 0 0
18875 1.3e-07 0.001 1000.0 0.0 0.0 0.0 0 0 0
18625 1.3e-07 0.001 1000.0 0.0 0.0 0.0 0 0 0
18375 1.3e-07 0.001 1000.0 0.0 0.0 0.0 0 0 0
18125 1.4e-07 0.001 1000.0 0.0 0.0 0.0 0 0 0
17875 1.4e-07 0.001 1000.0 0.0 0.0 0.0 0 0 0
17625 1.5e-07 0.001 1000.0 0.0 0.0 0.0 0 0 0
17375 1.6e-07 0.001 1000.0 0.0 0.0 0.0 0 0 0
17125 1.7e-07 0.001 1000.0 0.0 0.0 0.0 0 0 0
16875 1.8e-07 0.001 1000.0 0.0 0.0 0.0 0 0 0
16625 1.9e-07 0.001 1000.0 0.0 0.0 0.0 0 0 0
16375 2.1e-07 0.001 1000.0 0.0 0.0 0.0 0 0 0
16125 2.2e-07 0.001 1000.0 0.0 0.0 0.0 0 0 0
15875 2.4e-07 0.001 1000.0 0.0 0.0 0.0 0 0 0
15625 2.5e-07 0.001 1000.0 0.0 0.0 0.0 0 0 0
15375 2.7e-07 0.001 1000.0 0.0 0.0 0.0 0 0 0
15125 2.9e-07 0.001 1000.0 0.0 0.0 0.0 0 0 0
14875 3.1e-07 0.001 1000.0 0.0 0.0 0.0 0 0 0
14625 3.3e-07 0.001 1000.0 0.0 0.0 0.0 0 0 0
14375 3.5e-07 0.001 1000.0 0.0 0.0 0.0 0 0 0
14125 3.8e-07 0.001 1000.0 0.0 0.0 0.0 0 0 0
13875 4e-07 0.001 1000.0 0.0 0.0 0.0 0 0 0
13625 4.3e-07 0.001 1000.0 0.0 0.0 0.0 0 0 0
13375 4.5e-07 0.001 1000.0 0.0 0.0 0.0 0 0 0
13125 4.8e-07 0.001 1000.0 0.0 0.0 0.0 0 0 0
12875 5.1e-07 0.001 1000.0 0.0 0.0 0.0 0 0 0
12625 5.5e-07 0.001 1000.0 0.0 0.0 0.0 0 0 0
12375 5.8e-07 0.001 1000.0 0.0 0.0 0.0 0 0 0
12125 6.2e-07 0.001 1000.0 0.0 0.0 0.0 0 0 0
11875 6.5e-07 0.001 1000.0 0.0 0.0 0.0 0 0 0
11625 8.6e-06 0.001 22.2350910751 0.0 0.95489 0.26522 0 0 0
11375 2.459e-05 0.001 26.5643932643 0.0 0.967 0.34292 0 0 0
11125 4.564e-05 0.001 31.005720508 0.0 0.97218 0.39293 0 0 0
10875 6.24e-05 0.001 33.9392350069 0.0 0.97441 0.41916 0 0 0
10625 6.932e-05 0.001 35.049863533 0.0 0.97511 0.42805 0 0 0
10375 6.937e-05 0.001 35.0744070267 0.0 0.97511 0.42805 0 0 0
10125 9.021e-05 0.001 38.1250566176 0.0 0.97676 0.45052 0 0 0
9875 0.00013066 0.001 43.2272775165 0.0 0.97886 0.48248 0 0 0
9625 0.00011757 0.001 41.6862659141 0.0 0.97828 0.4733 0 0 0
9375 0.00011763 0.001 41.7112851787 0.0 0.97828 0.4733 0 0 0
9125 0.00010591 0.001 40.264561707 0.0 0.97769 0.46416 0 0 0
8875 0.00010598 0.001 40.2927567673 0.0 0.97769 0.46416 0 0 0
8625 0.00010606 0.001 40.3209715711 0.0 0.97769 0.46416 0 0 0
8375 0.00014573 0.001 45.0139175111 0.0 0.97943 0.49166 0 0 0
8125 0.00014582 0.001 45.0364300975 0.0 0.97943 0.49166 0 0 0
7875 0.00015387 0.001 45.9232589647 0.0 0.9797 0.49627 0 0 0
7625 0.00017127 0.001 47.7544243882 0.0 0.98024 0.50549 0 0 0
7375 0.00017137 0.001 47.7830856403 0.0 0.98024 0.50549 0 0 0
7125 0.00016257 0.001 46.8978447378 0.0 0.97997 0.50087 0 0 0
6875 0.00015428 0.001 46.0474193049 0.0 0.9797 0.49627 0 0 0
6625 0.0001717 0.001 47.8787474415 0.0 0.98024 0.50549 0 0 0
6375 0.00016292 0.001 47.0011335723 0.0 0.97997 0.50087 0 0 0
6125 0.00019128 0.001 49.8526532656 0.0 0.98076 0.51471 0 0 0
5875 0.00025031 0.001 55.1839262623 0.0 0.98201 0.53775 0 0 0
5625 0.00026437 0.001 56.3775889209 0.0 0.98225 0.54235 0 0 0
5375 0.0002792 0.001 57.6028312407 0.0 0.98248 0.54693 0 0 0
5125 0.00026469 0.001 56.4452826358 0.0 0.98225 0.54235 0 0 0
4875 0.00029515 0.001 58.9076945695 0.0 0.98271 0.55153 0 0 0
4625 0.00025114 0.001 55.3663340262 0.0 0.98201 0.53775 0 0 0
4375 0.00027994 0.001 57.7527934683 0.0 0.98248 0.54693 0 0 0
4125 0.00032966 0.001 61.5944469757 0.0 0.98317 0.56068 0 0 0
3875 0.00036788 0.001 64.3586740595 0.0 0.98361 0.56978 0 0 0
3625 0.00037942 0.001 61.6560722302 0.0 0.946 0.53196 0 0 0
3375 0.0004943 0.001 56.3437725135 0.0 0.83456 0.43572 0 0 0
3125 0.00073492 0.001 43.9772176868 0.0 0.65223 0.27537 0 0 0
2875 0.00123255 0.001 26.5139688355 0.0 0.40892 0.04177 0 0 0
2625 0.00172728 0.001 25.8541652623 0.0 0.42919 0.05199 0 0 0
2375 0.00203954 0.001 25.6430279532 0.0 0.43888 0.0579 0 0 0
2125 0.00225175 0.001 25.5508790202 0.0 0.44455 0.06172 0 0 0
1875 0.00225215 0.001 25.555989707 0.0 0.44455 0.06172 0 0 0
1625 0.00256791 0.001 25.4794366249 0.0 0.45195 0.06716 0 0 0
1375 0.00283173 0.001 25.4488796388 0.0 0.45739 0.07149 0 0 0
1125 0.00332979 0.001 25.466700091 0.0 0.46623 0.07925 0 0 0
875 0.00302247 0.001 25.4539699238 0.0 0.46096 0.07451 0 0 0
625 0.00355251 0.001 25.4998283298 0.0 0.4697 0.08253 0 0 0
375 0.00355313 0.001 25.5049288055 0.0 0.4697 0.08253 0 0 0
125 0.00355378 0.001 25.5074794259 0.0 0.4697 0.08253 0 0 0
