1 8150 1e-10 0.00145049 9.90066325e-11
2 8050 1e-10 0.00145049  9.7046168e-11
3 7950 0.0003766 0.00145049 2.21237426e-05
4 7850 0.0003766 0.00145049 2.12546853e-05
5 7750 0.0003766 0.00145049  2.0364327e-05
6 7650 1e-10 0.00145049 1.46126512e-06
7 7550 0 0.00145049 5.52030656e-07
8 7450 1e-10 0.00145049 1.89564218e-07
9 7350 0.0003766 0.00145049 1.69560586e-05
10 7250 0.0003766 0.00145049 1.68516638e-05
11 7150 0.0003766 0.00145049 1.66268563e-05
12 7050 0.0003766 0.00145049 1.61193706e-05
13 6950 0.0003766 0.00145049 1.54099868e-05
14 6850 0.0003766 0.00145049 1.46168559e-05
15 6750 0.0003766 0.00145049 1.38007607e-05
16 6650 0.0003766 0.00145049  1.2988487e-05
17 6550 0.0003766 0.00145049 1.21969217e-05
18 6450 0.0003766 0.00145049 1.14330192e-05
19 6350 1e-10 0.00145049 3.62632241e-06
20 6250 1e-10 0.00145049 2.59820862e-06
