1 9250 1.6e-06 0.00095 1.20211834e-06
2 9000 0 0 9.43423442e-12
3 8750 0 0 2.32649475e-12
4 8500 0 0 5.68247842e-13
5 8250 0 0 1.37732198e-13
6 8000 0 0 3.32111206e-14
7 7750 0 0 7.98662839e-15
8 7500 1.7e-06 0.00096 1.28749923e-06
9 7250 0 0 1.60566958e-11
10 7000 1.7e-06 0.00096 1.28245028e-06
11 6750 3.7e-06 0.00109 2.32740028e-06
12 6500 2.6e-06 0.00103  1.8140434e-06
13 6250 3.1e-06 0.00106 2.01195671e-06
14 6000 7.1e-06 0.00122 3.82764966e-06
15 5750 8.7e-06 0.00126  4.3827894e-06
16 5500 1.09e-05 0.00131  5.0927598e-06
17 5250 0.0001284 0.00137 1.69778153e-05
18 5000 0.0005371 0.0013 6.96370004e-05
19 4750 0.0005826 0.0014 9.58468865e-05
20 4500 0.0004315 0.00138 8.73134046e-05
21 4250 0.0003561 0.00133 5.69638638e-05
22 4000 0.0003425 0.00132  4.5467327e-05
23 3750 0.0003048 0.00129 3.34645734e-05
24 3500 0.0003294 0.00131  3.1139105e-05
25 3250 0.0004154 0.00137 3.37558532e-05
26 3000 0.0003425 0.00132 2.21546122e-05
27 2750 0.0003702 0.00134 2.01517751e-05
28 2500 0.000293 0.00128 1.28688703e-05
29 2250 0.0003561 0.00133  1.3602326e-05
30 2000 0.0003048 0.00129 9.50470605e-06
31 1750 0.0003425 0.00132 9.14131526e-06
32 1500 0.0003561 0.00133 7.91296056e-06
33 1250 0.000293 0.00128 5.27957671e-06
34 1000 0.0003702 0.00134  4.9381956e-06
35 -50 0 0.00145049 1.38550721e-07
36 -150 0 0.00145049 1.02506644e-07
37 -250 0 0.00145049 9.71235728e-08
38 -350 0 0.00145049 9.24861279e-08
39 -450 0 0.00145049 7.85737932e-08
40 -550 0 0.00145049 7.85737932e-08
41 -650 0 0.00145049 6.66636582e-08
42 -750 0 0.00145049 6.26936132e-08
43 -850 0 0.00145049 5.93423899e-08
44 -950 0 0.00145049 4.92887199e-08
45 -1050 0 0.00145049 4.92887199e-08
46 -1150 0 0.00145049 4.09787447e-08
47 -1250 0 0.00145049  3.8208753e-08
48 -1350 0 0.00145049 3.59758688e-08
49 -1450 0 0.00145049 2.92772161e-08
50 -1550 0 0.00145049 2.92772161e-08
51 -1650 0 0.00145049 2.40123703e-08
52 -1750 0 0.00145049 2.22574217e-08
53 -1850 0 0.00145049 2.09082003e-08
54 -1950 0 0.00145049 1.68605361e-08
55 -2050 0 0.00145049 1.68605361e-08
56 -2150 0 0.00145049 1.37986859e-08
57 -2250 0 0.00145049 1.27780692e-08
58 -2350 0 0.00145049 1.20130592e-08
59 -2450 0 0.00145049 9.71802923e-09
60 -2550 0 0.00145049 9.71802923e-09
61 -2650 0 0.00145049 8.00181821e-09
62 -2750 0 0.00145049 7.42974787e-09
63 -2850 0 0.00145049 7.00068085e-09
64 -2950 0 0.00145049 5.71347979e-09
65 -3050 0 0.00145049 5.71347979e-09
66 -3150 0 0.00145049 4.74208277e-09
67 -3250 0 0.00145049 4.41828377e-09
68 -3350 0 0.00145049 4.17215722e-09
69 -3450 0 0.00145049 3.43377757e-09
70 -3550 0 0.00145049 3.43377757e-09
71 -3650 0 0.00145049 2.86872033e-09
72 -3750 0 0.00145049 2.68036791e-09
73 -3850 0 0.00145049  2.5354206e-09
74 -3950 0 0.00145049 2.10057868e-09
75 -4050 0 0.00145049 2.10057868e-09
76 -4150 0 0.00145049 1.76445584e-09
77 -4250 0 0.00145049 1.65241489e-09
78 -4350 0 0.00145049 1.56548847e-09
79 -4450 0 0.00145049 1.30470922e-09
80 -4550 0 0.00145049 1.30470922e-09
81 -4650 0 0.00145049 1.10167982e-09
82 -4750 0 0.00145049 1.03400335e-09
83 -4850 0 0.00145049 9.81121079e-10
84 -4950 0 0.00145049 8.22474256e-10
85 -5050 0 0.00145049 8.22474256e-10
86 -5150 0 0.00145049  6.9800891e-10
87 -5250 0 0.00145049 6.56520462e-10
88 -5350 0 0.00145049 6.23828859e-10
89 -5450 0 0.00145049 5.25754049e-10
90 -5550 0 0.00145049 5.25754049e-10
91 -5650 0 0.00145049 4.48124811e-10
92 -5750 0 0.00145049 4.22248398e-10
93 -5850 0 0.00145049  4.0167608e-10
94 -5950 0 0.00145049 3.39959127e-10
95 -6050 0 0.00145049 3.39959127e-10
96 -6150 0 0.00145049 2.90694817e-10
97 -6250 0 0.00145049  2.7427338e-10
98 -6350 0 0.00145049 2.61120065e-10
99 -6450 0 0.00145049 2.21660118e-10
100 -6550 0 0.00145049 2.21660118e-10
101 -6650 0 0.00145049 1.89966081e-10
102 -6750 0 0.00145049 1.79401402e-10
103 -6850 0 0.00145049 1.70898435e-10
104 -6950 0 0.00145049 1.45389534e-10
105 -7050 0 0.00145049 1.45389534e-10
106 -7150 0 0.00145049 1.24829237e-10
107 -7250 0 0.00145049 1.17975805e-10
108 -7350 0 0.00145049 1.12446602e-10
109 -7450 0 0.00145049 9.58589948e-11
110 -7550 0 0.00145049 9.58589948e-11
111 -7650 0 0.00145049 8.24675049e-11
112 -7750 0 0.00145049 7.80036749e-11
113 -7850 0 0.00145049 7.43978484e-11
114 -7950 0 0.00145049 6.35803688e-11
115 -8050 0 0.00145049 6.35803688e-11
116 -8150 0 0.00145049  5.4836155e-11
117 -8250 0 0.00145049 5.19214171e-11
118 -8350 0 0.00145049 4.95630578e-11
119 -8450 0 0.00145049 4.24879798e-11
120 -8550 0 0.00145049 4.24879798e-11
121 -8650 0 0.00145049 3.67556599e-11
122 -8750 0 0.00145049 3.48448866e-11
123 -8850 0 0.00145049 3.32939251e-11
124 -8950 0 0.00145049 2.86410405e-11
125 -9050 0 0.00145049 2.86410405e-11
126 -9150 0 0.00145049 2.48556158e-11
127 -9250 0 0.00145049 2.35938075e-11
128 -9350 0 0.00145049 2.25644423e-11
129 -9450 0 0.00145049 1.94763464e-11
130 -9550 0 0.00145049 1.94763464e-11
131 -9650 0 0.00145049 1.69494709e-11
132 -9750 0 0.00145049 1.61071791e-11
133 -9850 0 0.00145049 1.54157687e-11
134 -9950 0 0.00145049 1.33415374e-11
