20 5.32e-07 100000 0.0003333 0.0005
1025 .1e-2 5e-05 20 5e-06 1 0.7 1 0 0 0 0
975 .1e-2 5e-05 20 5e-06 1 0.7 1 0 0 0 0
925 .1e-2 5e-05 20 5e-06 1 0.7 1 0 0 0 0
875 .1e-2 5e-05 20 5e-06 1 0.7 1 0 0 0 0
825 1e-2 5e-05 20 5e-06 1 0.7 1 0 0 0 0
775 1e-2 5e-05 20 5e-06 1 0.7 1 0 0 0 0
725 1e-2 5e-05 20 5e-06 1 0.7 1 0 0 0 0
675 1e-2 5e-05 20 5e-06 1 0.7 1 0 0 0 0
625 0e-2 5e-05 20 5e-06 1 0.7 1 0 0 0 0
575 0e-2 5e-05 20 5e-06 1 0.7 1 0 0 0 0
525 0e-2 5e-05 20 5e-06 1 0.7 1 0 0 0 0
475 0e-2 5e-05 20 5e-06 1 0.7 1 0 0 0 0
425 1e-2 5e-05 20 5e-06 1 0.7 1 0 0 0 0
375 1e-2 5e-05 20 5e-06 1 0.7 1 0 0 0 0
325 1e-2 5e-05 20 5e-06 1 0.7 1 0 0 0 0
275 1e-2 5e-05 20 5e-06 1 0.7 1 0 0 0 0
225 0e-2 5e-05 20 5e-06 1 0.7 1 0 0 0 0
175 0e-2 5e-05 20 5e-06 1 0.7 1 0 0 0 0
125 0e-2 5e-05 20 5e-06 1 0.7 1 0 0 0 0
75 0e-2 5e-05 20 5e-06 1 0.7 1 0 0 0 0
