0.0062173 
0.05 
-250 -250 
-250 -250 
-250 -250 
-250 -250 
call#   0
0.0062173 
0.05 
-250 -250 
-250 -250 
-250 -250 
-250 -250 
call#   1
0.0062173 
0.05 
-250 -250 
-250 -250 
-250 -250 
-250 -250 
call#   2
0.0062173 
0.05 
-250 -250 
-250 -250 
-250 -250 
-250 -250 
call#   3
0.0062173 
0.05 
-250 -250 
-250 -250 
-250 -250 
-250 -250 
call#   4
0.0062173 
0.05 
-250 -250 
-250 -250 
-250 -250 
-250 -250 
call#   5
0.0062173 
0.05 
-250 -250 
-250 -250 
-250 -250 
-250 -250 
call#   6
0.0062173 
0.05 
-250 -250 
-250 -250 
-250 -250 
-250 -250 
call#   7
0.0062173 
0.05 
-250 -250 
-250 -250 
-250 -250 
-250 -250 
call#   8
0.0062173 
0.05 
-250 -250 
-250 -250 
-250 -250 
-250 -250 
call#   9
0.0062173 
0.05 
-250 -250 
-250 -250 
-250 -250 
-250 -250 
call#  10
0.0062173 
0.05 
-250 -250 
-250 -250 
-250 -250 
-250 -250 
call#  11
0.0062173 
0.05 
-250 -250 
-250 -250 
-250 -250 
-250 -250 
call#  12
0.0062173 
0.05 
-250 -250 
-250 -250 
-250 -250 
-250 -250 
call#  13
0.0062173 
0.05 
-250 -250 
-250 -250 
-250 -250 
-250 -250 
call#  14
0.0062173 
0.05 
-250 -250 
-250 -250 
-250 -250 
-250 -250 
call#  15
0.0062173 
0.05 
-250 -250 
-250 -250 
-250 -250 
-250 -250 
call#  16
0.0062173 
0.05 
-250 -250 
-250 -250 
-250 -250 
-250 -250 
call#  17
0.0062173 
0.05 
-250 -250 
-250 -250 
-250 -250 
-250 -250 
call#  18
0.0062173 
0.05 
-250 -250 
-250 -250 
-250 -250 
-250 -250 
call#  19
0.0062173 
0.05 
-250 -250 
-250 -250 
-250 -250 
-250 -250 
call#  20
0.0062173 
0.05 
-250 -250 
-250 -250 
-250 -250 
-250 -250 
call#  21
0.0062173 
0.05 
-250 -250 
-250 -250 
-250 -250 
-250 -250 
call#  22
0.0062173 
0.05 
-250 -250 
-250 -250 
-250 -250 
-250 -250 
call#  23
0.0062173 
0.05 
-250 -250 
-250 -250 
-250 -250 
-250 -250 
call#  24
0.0062173 
0.05 
-250 -250 
-250 -250 
-250 -250 
-250 -250 
call#  25
0.0062173 
0.05 
-250 -250 
-250 -250 
-250 -250 
-250 -250 
call#  26
0.0062173 
0.05 
-250 -250 
-250 -250 
-250 -250 
-250 -250 
call#  27
0.0062173 
0.05 
-250 -250 
-250 -250 
-250 -250 
-250 -250 
call#  28
0.0062173 
0.05 
-250 -250 
-250 -250 
-250 -250 
-250 -250 
call#  29
0.0062173 
0.05 
-250 -250 
-250 -250 
-250 -250 
-250 -250 
call#  30
0.0062173 
0.05 
-250 -250 
-250 -250 
-250 -250 
-250 -250 
call#  31
0.0062173 
0.05 
-250 -250 
-250 -250 
-250 -250 
-250 -250 
call#  32
0.0062173 
0.05 
-250 -250 
-250 -250 
-250 -250 
-250 -250 
call#  33
0.0062173 
0.05 
-250 -250 
-250 -250 
-250 -250 
-250 -250 
call#  34
0.0062173 
0.05 
-250 -250 
-250 -250 
-250 -250 
-250 -250 
call#  35
0.0062173 
0.05 
-250 -250 
-250 -250 
-250 -250 
-250 -250 
call#  36
0.0062173 
0.05 
-250 -250 
-250 -250 
-250 -250 
-250 -250 
call#  37
0.0062173 
0.05 
-250 -250 
-250 -250 
-250 -250 
-250 -250 
call#  38
0.0062173 
0.05 
-250 -250 
-250 -250 
-250 -250 
-250 -250 
call#  39
0.0062173 
0.05 
-250 -250 
-250 -250 
-250 -250 
-250 -250 
call#  40
0.0062173 
0.05 
-250 -250 
-250 -250 
-250 -250 
-250 -250 
call#  41
0.0062173 
0.05 
-250 -250 
-250 -250 
-250 -250 
-250 -250 
call#  42
0.0062173 
0.05 
-250 -250 
-250 -250 
-250 -250 
-250 -250 
call#  43
0.0062173 
0.05 
-250 -250 
-250 -250 
-250 -250 
-250 -250 
call#  44
0.0062173 
0.05 
-250 -250 
-250 -250 
-250 -250 
-250 -250 
call#  45
0.0062173 
0.05 
-250 -250 
-250 -250 
-250 -250 
-250 -250 
call#  46
0.0062173 
0.05 
-250 -250 
-250 -250 
-250 -250 
-250 -250 
call#  47
0.0062173 
0.05 
-250 -250 
-250 -250 
-250 -250 
-250 -250 
call#  48
0.0062173 
0.05 
-250 -250 
-250 -250 
-250 -250 
-250 -250 
call#  49
0.0062173 
0.05 
-250 -250 
-250 -250 
-250 -250 
-250 -250 
call#  50
0.0062173 
0.05 
-250 -250 
-250 -250 
-250 -250 
-250 -250 
call#  51
0.0062173 
0.05 
-250 -250 
-250 -250 
-250 -250 
-250 -250 
call#  52
0.0062173 
0.05 
-250 -250 
-250 -250 
-250 -250 
-250 -250 
call#  53
0.0062173 
0.05 
-250 -250 
-250 -250 
-250 -250 
-250 -250 
call#  54
0.0062173 
0.05 
-250 -250 
-250 -250 
-250 -250 
-250 -250 
call#  55
0.0062173 
0.05 
-250 -250 
-250 -250 
-250 -250 
-250 -250 
call#  56
0.0062173 
0.05 
-250 -250 
-250 -250 
-250 -250 
-250 -250 
call#  57
0.0062173 
0.05 
-250 -250 
-250 -250 
-250 -250 
-250 -250 
call#  58
0.0062173 
0.05 
-250 -250 
-250 -250 
-250 -250 
-250 -250 
call#  59
0.0062173 
0.05 
-250 -250 
-250 -250 
-250 -250 
-250 -250 
call#  60
0.0062173 
0.05 
-250 -250 
-250 -250 
-250 -250 
-250 -250 
call#  61
0.0062173 
0.05 
-250 -250 
-250 -250 
-250 -250 
-250 -250 
call#  62
0.0062173 
0.05 
-250 -250 
-250 -250 
-250 -250 
-250 -250 
call#  63
0.0062173 
0.05 
-250 -250 
-250 -250 
-250 -250 
-250 -250 
call#  64
0.0062173 
0.05 
-250 -250 
-250 -250 
-250 -250 
-250 -250 
call#  65
0.0062173 
0.05 
-250 -250 
-250 -250 
-250 -250 
-250 -250 
call#  66
0.0062173 
0.05 
-250 -250 
-250 -250 
-250 -250 
-250 -250 
call#  67
0.0062173 
0.05 
-250 -250 
-250 -250 
-250 -250 
-250 -250 
call#  68
0.0062173 
0.05 
-250 -250 
-250 -250 
-250 -250 
-250 -250 
call#  69
0.0062173 
0.05 
-250 -250 
-250 -250 
-250 -250 
-250 -250 
call#  70
0.0062173 
0.05 
-250 -250 
-250 -250 
-250 -250 
-250 -250 
call#  71
0.0062173 
0.05 
-250 -250 
-250 -250 
-250 -250 
-250 -250 
call#  72
0.0062173 
0.05 
-250 -250 
-250 -250 
-250 -250 
-250 -250 
call#  73
0.0062173 
0.05 
-250 -250 
-250 -250 
-250 -250 
-250 -250 
call#  74
0.0062173 
0.05 
-250 -250 
-250 -250 
-250 -250 
-250 -250 
call#  75
0.0062173 
0.05 
-250 -250 
-250 -250 
-250 -250 
-250 -250 
call#  76
0.0062173 
0.05 
-250 -250 
-250 -250 
-250 -250 
-250 -250 
call#  77
0.0062173 
0.05 
-250 -250 
-250 -250 
-250 -250 
-250 -250 
call#  78
0.0062173 
0.05 
-250 -250 
-250 -250 
-250 -250 
-250 -250 
call#  79
0.0062173 
0.05 
-250 -250 
-250 -250 
-250 -250 
-250 -250 
call#  80
0.0062173 
0.05 
-250 -250 
-250 -250 
-250 -250 
-250 -250 
call#  81
0.0062173 
0.05 
-250 -250 
-250 -250 
-250 -250 
-250 -250 
call#  82
0.0062173 
0.05 
-250 -250 
-250 -250 
-250 -250 
-250 -250 
call#  83
0.0062173 
0.05 
-250 -250 
-250 -250 
-250 -250 
-250 -250 
call#  84
0.0062173 
0.05 
-250 -250 
-250 -250 
-250 -250 
-250 -250 
call#  85
0.0062173 
0.05 
-250 -250 
-250 -250 
-250 -250 
-250 -250 
call#  86
0.0062173 
0.05 
-250 -250 
-250 -250 
-250 -250 
-250 -250 
call#  87
0.0062173 
0.05 
-250 -250 
-250 -250 
-250 -250 
-250 -250 
call#  88
0.0062173 
0.05 
-250 -250 
-250 -250 
-250 -250 
-250 -250 
call#  89
0.0062173 
0.05 
-250 -250 
-250 -250 
-250 -250 
-250 -250 
call#  90
0.0062173 
0.05 
-250 -250 
-250 -250 
-250 -250 
-250 -250 
call#  91
0.0062173 
0.05 
-250 -250 
-250 -250 
-250 -250 
-250 -250 
call#  92
0.0062173 
0.05 
-250 -250 
-250 -250 
-250 -250 
-250 -250 
call#  93
0.0062173 
0.05 
-250 -250 
-250 -250 
-250 -250 
-250 -250 
call#  94
0.0062173 
0.05 
-250 -250 
-250 -250 
-250 -250 
-250 -250 
call#  95
0.0062173 
0.05 
-250 -250 
-250 -250 
-250 -250 
-250 -250 
call#  96
0.0062173 
0.05 
-250 -250 
-250 -250 
-250 -250 
-250 -250 
call#  97
0.0062173 
0.05 
-250 -250 
-250 -250 
-250 -250 
-250 -250 
call#  98
0.0062173 
0.05 
-250 -250 
-250 -250 
-250 -250 
-250 -250 
call#  99
0.0062173 
0.05 
-250 -250 
-250 -250 
-250 -250 
-250 -250 
call# 100
0.0062173 
0.05 
-250 -250 
-250 -250 
-250 -250 
-250 -250 
call# 101
0.0062173 
0.05 
-250 -250 
-250 -250 
-250 -250 
-250 -250 
call# 102
0.0062173 
0.05 
-250 -250 
-250 -250 
-250 -250 
-250 -250 
call# 103
0.0062173 
0.05 
-250 -250 
-250 -250 
-250 -250 
-250 -250 
call# 104
0.0062173 
0.05 
-250 -250 
-250 -250 
-250 -250 
-250 -250 
call# 105
0.0062173 
0.05 
-250 -250 
-250 -250 
-250 -250 
-250 -250 
call# 106
0.0062173 
0.05 
-250 -250 
-250 -250 
-250 -250 
-250 -250 
call# 107
0.0062173 
0.05 
-250 -250 
-250 -250 
-250 -250 
-250 -250 
call# 108
0.0062173 
0.05 
-250 -250 
-250 -250 
-250 -250 
-250 -250 
call# 109
0.0062173 
0.05 
-250 -250 
-250 -250 
-250 -250 
-250 -250 
call# 110
0.0062173 
0.05 
-250 -250 
-250 -250 
-250 -250 
-250 -250 
call# 111
0.0062173 
0.05 
-250 -250 
-250 -250 
-250 -250 
-250 -250 
call# 112
0.0062173 
0.05 
-250 -250 
-250 -250 
-250 -250 
-250 -250 
call# 113
0.0062173 
0.05 
-250 -250 
-250 -250 
-250 -250 
-250 -250 
call# 114
0.0062173 
0.05 
-250 -250 
-250 -250 
-250 -250 
-250 -250 
call# 115
0.0062173 
0.05 
-250 -250 
-250 -250 
-250 -250 
-250 -250 
call# 116
0.0062173 
0.05 
-250 -250 
-250 -250 
-250 -250 
-250 -250 
call# 117
0.0062173 
0.05 
-250 -250 
-250 -250 
-250 -250 
-250 -250 
call# 118
0.0062173 
0.05 
-250 -250 
-250 -250 
-250 -250 
-250 -250 
call# 119
0.0062173 
0.05 
-250 -250 
-250 -250 
-250 -250 
-250 -250 
call# 120
0.0062173 
0.05 
-250 -250 
-250 -250 
-250 -250 
-250 -250 
call# 121
0.0062173 
0.05 
-250 -250 
-250 -250 
-250 -250 
-250 -250 
call# 122
0.0062173 
0.05 
-250 -250 
-250 -250 
-250 -250 
-250 -250 
call# 123
0.0062173 
0.05 
-250 -250 
-250 -250 
-250 -250 
-250 -250 
call# 124
0.0062173 
0.05 
-250 -250 
-250 -250 
-250 -250 
-250 -250 
call# 125
0.0062173 
0.05 
-250 -250 
-250 -250 
-250 -250 
-250 -250 
call# 126
0.0062173 
0.05 
-250 -250 
-250 -250 
-250 -250 
-250 -250 
call# 127
0.0062173 
0.05 
-250 -250 
-250 -250 
-250 -250 
-250 -250 
call# 128
0.0062173 
0.05 
-250 -250 
-250 -250 
-250 -250 
-250 -250 
call# 129
0.0062173 
0.05 
-250 -250 
-250 -250 
-250 -250 
-250 -250 
call# 130
0.0062173 
0.05 
-250 -250 
-250 -250 
-250 -250 
-250 -250 
call# 131
0.0062173 
0.05 
-250 -250 
-250 -250 
-250 -250 
-250 -250 
call# 132
0.0062173 
0.05 
-250 -250 
-250 -250 
-250 -250 
-250 -250 
call# 133
0.0062173 
0.05 
-250 -250 
-250 -250 
-250 -250 
-250 -250 
call# 134
0.0062173 
0.05 
-250 -250 
-250 -250 
-250 -250 
-250 -250 
call# 135
0.0062173 
0.05 
-250 -250 
-250 -250 
-250 -250 
-250 -250 
call# 136
0.0062173 
0.05 
-250 -250 
-250 -250 
-250 -250 
-250 -250 
call# 137
0.0062173 
0.05 
-250 -250 
-250 -250 
-250 -250 
-250 -250 
call# 138
0.0062173 
0.05 
-250 -250 
-250 -250 
-250 -250 
-250 -250 
call# 139
0.0062173 
0.05 
-250 -250 
-250 -250 
-250 -250 
-250 -250 
call# 140
0.0062173 
0.05 
-250 -250 
-250 -250 
-250 -250 
-250 -250 
call# 141
0.0062173 
0.05 
-250 -250 
-250 -250 
-250 -250 
-250 -250 
call# 142
0.0062173 
0.05 
-250 -250 
-250 -250 
-250 -250 
-250 -250 
call# 143
0.0062173 
0.05 
-250 -250 
-250 -250 
-250 -250 
-250 -250 
call# 144
0.0062173 
0.05 
-250 -250 
-250 -250 
-250 -250 
-250 -250 
call# 145
0.0062173 
0.05 
-250 -250 
-250 -250 
-250 -250 
-250 -250 
call# 146
0.0062173 
0.05 
-250 -250 
-250 -250 
-250 -250 
-250 -250 
call# 147
0.0062173 
0.05 
-250 -250 
-250 -250 
-250 -250 
-250 -250 
call# 148
0.0062173 
0.05 
-250 -250 
-250 -250 
-250 -250 
-250 -250 
call# 149
0.0062173 
0.05 
-250 -250 
-250 -250 
-250 -250 
-250 -250 
call# 150
0.0062173 
0.05 
-250 -250 
-250 -250 
-250 -250 
-250 -250 
call# 151
0.0062173 
0.05 
-250 -250 
-250 -250 
-250 -250 
-250 -250 
call# 152
0.0062173 
0.05 
-250 -250 
-250 -250 
-250 -250 
-250 -250 
call# 153
0.0062173 
0.05 
-250 -250 
-250 -250 
-250 -250 
-250 -250 
call# 154
0.0062173 
0.05 
-250 -250 
-250 -250 
-250 -250 
-250 -250 
call# 155
0.0062173 
0.05 
-250 -250 
-250 -250 
-250 -250 
-250 -250 
call# 156
0.0062173 
0.05 
-250 -250 
-250 -250 
-250 -250 
-250 -250 
call# 157
0.0062173 
0.05 
-250 -250 
-250 -250 
-250 -250 
-250 -250 
call# 158
0.0062173 
0.05 
-250 -250 
-250 -250 
-250 -250 
-250 -250 
call# 159
0.0062173 
0.05 
-250 -250 
-250 -250 
-250 -250 
-250 -250 
call# 160
0.0062173 
0.05 
-250 -250 
-250 -250 
-250 -250 
-250 -250 
call# 161
0.0062173 
0.05 
-250 -250 
-250 -250 
-250 -250 
-250 -250 
call# 162
0.0062173 
0.05 
-250 -250 
-250 -250 
-250 -250 
-250 -250 
call# 163
0.0062173 
0.05 
-250 -250 
-250 -250 
-250 -250 
-250 -250 
call# 164
0.0062173 
0.05 
-250 -250 
-250 -250 
-250 -250 
-250 -250 
call# 165
0.0062173 
0.05 
-250 -250 
-250 -250 
-250 -250 
-250 -250 
call# 166
0.0062173 
0.05 
-250 -250 
-250 -250 
-250 -250 
-250 -250 
call# 167
0.0062173 
0.05 
-250 -250 
-250 -250 
-250 -250 
-250 -250 
call# 168
0.0062173 
0.05 
-250 -250 
-250 -250 
-250 -250 
-250 -250 
call# 169
0.0062173 
0.05 
-250 -250 
-250 -250 
-250 -250 
-250 -250 
call# 170
0.0062173 
0.05 
-250 -250 
-250 -250 
-250 -250 
-250 -250 
call# 171
0.0062173 
0.05 
-250 -250 
-250 -250 
-250 -250 
-250 -250 
call# 172
0.0062173 
0.05 
-250 -250 
-250 -250 
-250 -250 
-250 -250 
call# 173
0.0062173 
0.05 
-250 -250 
-250 -250 
-250 -250 
-250 -250 
call# 174
0.0062173 
0.05 
-250 -250 
-250 -250 
-250 -250 
-250 -250 
call# 175
0.0062173 
0.05 
-250 -250 
-250 -250 
-250 -250 
-250 -250 
call# 176
0.0062173 
0.05 
-250 -250 
-250 -250 
-250 -250 
-250 -250 
call# 177
0.0062173 
0.05 
-250 -250 
-250 -250 
-250 -250 
-250 -250 
call# 178
0.0062173 
0.05 
-250 -250 
-250 -250 
-250 -250 
-250 -250 
call# 179
0.0062173 
0.05 
-250 -250 
-250 -250 
-250 -250 
-250 -250 
call# 180
0.0062173 
0.05 
-250 -250 
-250 -250 
-250 -250 
-250 -250 
call# 181
0.0062173 
0.05 
-250 -250 
-250 -250 
-250 -250 
-250 -250 
call# 182
0.0062173 
0.05 
-250 -250 
-250 -250 
-250 -250 
-250 -250 
call# 183
0.0062173 
0.05 
-250 -250 
-250 -250 
-250 -250 
-250 -250 
call# 184
0.0062173 
0.05 
-250 -250 
-250 -250 
-250 -250 
-250 -250 
call# 185
0.0062173 
0.05 
-250 -250 
-250 -250 
-250 -250 
-250 -250 
call# 186
0.0062173 
0.05 
-250 -250 
-250 -250 
-250 -250 
-250 -250 
call# 187
0.0062173 
0.05 
-250 -250 
-250 -250 
-250 -250 
-250 -250 
call# 188
0.0062173 
0.05 
-250 -250 
-250 -250 
-250 -250 
-250 -250 
call# 189
0.0062173 
0.05 
-250 -250 
-250 -250 
-250 -250 
-250 -250 
call# 190
0.0062173 
0.05 
-250 -250 
-250 -250 
-250 -250 
-250 -250 
call# 191
0.0062173 
0.05 
-250 -250 
-250 -250 
-250 -250 
-250 -250 
call# 192
0.0062173 
0.05 
-250 -250 
-250 -250 
-250 -250 
-250 -250 
call# 193
0.0062173 
0.05 
-250 -250 
-250 -250 
-250 -250 
-250 -250 
call# 194
0.0062173 
0.05 
-250 -250 
-250 -250 
-250 -250 
-250 -250 
call# 195
0.0062173 
0.05 
-250 -250 
-250 -250 
-250 -250 
-250 -250 
call# 196
0.0062173 
0.05 
-250 -250 
-250 -250 
-250 -250 
-250 -250 
call# 197
0.0062173 
0.05 
-250 -250 
-250 -250 
-250 -250 
-250 -250 
call# 198
0.0062173 
0.05 
-250 -250 
-250 -250 
-250 -250 
-250 -250 
call# 199
0.0062173 
0.05 
-250 -250 
-250 -250 
-250 -250 
-250 -250 
call# 200
0.0062173 
0.05 
-250 -250 
-250 -250 
-250 -250 
-250 -250 
call# 201
0.0062173 
0.05 
-250 -250 
-250 -250 
-250 -250 
-250 -250 
call# 202
0.0062173 
0.05 
-250 -250 
-250 -250 
-250 -250 
-250 -250 
call# 203
0.0062173 
0.05 
-250 -250 
-250 -250 
-250 -250 
-250 -250 
call# 204
0.0062173 
0.05 
-250 -250 
-250 -250 
-250 -250 
-250 -250 
call# 205
0.0062173 
0.05 
-250 -250 
-250 -250 
-250 -250 
-250 -250 
call# 206
0.0062173 
0.05 
-250 -250 
-250 -250 
-250 -250 
-250 -250 
call# 207
0.0062173 
0.05 
-250 -250 
-250 -250 
-250 -250 
-250 -250 
call# 208
0.0062173 
0.05 
-250 -250 
-250 -250 
-250 -250 
-250 -250 
call# 209
0.0062173 
0.05 
-250 -250 
-250 -250 
-250 -250 
-250 -250 
call# 210
0.0062173 
0.05 
-250 -250 
-250 -250 
-250 -250 
-250 -250 
call# 211
0.0062173 
0.05 
-250 -250 
-250 -250 
-250 -250 
-250 -250 
call# 212
0.0062173 
0.05 
-250 -250 
-250 -250 
-250 -250 
-250 -250 
call# 213
0.0062173 
0.05 
-250 -250 
-250 -250 
-250 -250 
-250 -250 
call# 214
0.0062173 
0.05 
-250 -250 
-250 -250 
-250 -250 
-250 -250 
call# 215
0.0062173 
0.05 
-250 -250 
-250 -250 
-250 -250 
-250 -250 
call# 216
0.0062173 
0.05 
-250 -250 
-250 -250 
-250 -250 
-250 -250 
call# 217
0.0062173 
0.05 
-250 -250 
-250 -250 
-250 -250 
-250 -250 
call# 218
0.0062173 
0.05 
-250 -250 
-250 -250 
-250 -250 
-250 -250 
call# 219
0.0062173 
0.05 
-250 -250 
-250 -250 
-250 -250 
-250 -250 
call# 220
0.0062173 
0.05 
-250 -250 
-250 -250 
-250 -250 
-250 -250 
call# 221
0.0062173 
0.05 
-250 -250 
-250 -250 
-250 -250 
-250 -250 
call# 222
0.0062173 
0.05 
-250 -250 
-250 -250 
-250 -250 
-250 -250 
call# 223
0.0062173 
0.05 
-250 -250 
-250 -250 
-250 -250 
-250 -250 
call# 224
0.0062173 
0.05 
-250 -250 
-250 -250 
-250 -250 
-250 -250 
call# 225
0.0062173 
0.05 
-250 -250 
-250 -250 
-250 -250 
-250 -250 
call# 226
0.0062173 
0.05 
-250 -250 
-250 -250 
-250 -250 
-250 -250 
call# 227
0.0062173 
0.05 
-250 -250 
-250 -250 
-250 -250 
-250 -250 
call# 228
0.0062173 
0.05 
-250 -250 
-250 -250 
-250 -250 
-250 -250 
call# 229
0.0062173 
0.05 
-250 -250 
-250 -250 
-250 -250 
-250 -250 
call# 230
0.0062173 
0.05 
-250 -250 
-250 -250 
-250 -250 
-250 -250 
call# 231
0.0062173 
0.05 
-250 -250 
-250 -250 
-250 -250 
-250 -250 
call# 232
0.0062173 
0.05 
-250 -250 
-250 -250 
-250 -250 
-250 -250 
call# 233
0.0062173 
0.05 
-250 -250 
-250 -250 
-250 -250 
-250 -250 
call# 234
0.0062173 
0.05 
-250 -250 
-250 -250 
-250 -250 
-250 -250 
call# 235
0.0062173 
0.05 
-250 -250 
-250 -250 
-250 -250 
-250 -250 
call# 236
0.0062173 
0.05 
-250 -250 
-250 -250 
-250 -250 
-250 -250 
call# 237
0.0062173 
0.05 
-250 -250 
-250 -250 
-250 -250 
-250 -250 
call# 238
0.0062173 
0.05 
-250 -250 
-250 -250 
-250 -250 
-250 -250 
call# 239
0.0062173 
0.05 
-250 -250 
-250 -250 
-250 -250 
-250 -250 
call# 240
0.0062173 
0.05 
-250 -250 
-250 -250 
-250 -250 
-250 -250 
call# 241
0.0062173 
0.05 
-250 -250 
-250 -250 
-250 -250 
-250 -250 
call# 242
0.0062173 
0.05 
-250 -250 
-250 -250 
-250 -250 
-250 -250 
call# 243
0.0062173 
0.05 
-250 -250 
-250 -250 
-250 -250 
-250 -250 
call# 244
0.0062173 
0.05 
-250 -250 
-250 -250 
-250 -250 
-250 -250 
call# 245
0.0062173 
0.05 
-250 -250 
-250 -250 
-250 -250 
-250 -250 
call# 246
0.0062173 
0.05 
-250 -250 
-250 -250 
-250 -250 
-250 -250 
call# 247
0.0062173 
0.05 
-250 -250 
-250 -250 
-250 -250 
-250 -250 
call# 248
0.0062173 
0.05 
-250 -250 
-250 -250 
-250 -250 
-250 -250 
call# 249
0.0062173 
0.05 
-250 -250 
-250 -250 
-250 -250 
-250 -250 
call# 250
0.0062173 
0.05 
-250 -250 
-250 -250 
-250 -250 
-250 -250 
call# 251
0.0062173 
0.05 
-250 -250 
-250 -250 
-250 -250 
-250 -250 
call# 252
0.0062173 
0.05 
-250 -250 
-250 -250 
-250 -250 
-250 -250 
call# 253
0.0062173 
0.05 
-250 -250 
-250 -250 
-250 -250 
-250 -250 
call# 254
0.0062173 
0.05 
-250 -250 
-250 -250 
-250 -250 
-250 -250 
call# 255
0.0062173 
0.05 
-250 -250 
-250 -250 
-250 -250 
-250 -250 
call# 256
0.0062173 
0.05 
-250 -250 
-250 -250 
-250 -250 
-250 -250 
call# 257
0.0062173 
0.05 
-250 -250 
-250 -250 
-250 -250 
-250 -250 
call# 258
0.0062173 
0.05 
-250 -250 
-250 -250 
-250 -250 
-250 -250 
call# 259
0.0062173 
0.05 
-250 -250 
-250 -250 
-250 -250 
-250 -250 
call# 260
0.0062173 
0.05 
-250 -250 
-250 -250 
-250 -250 
-250 -250 
call# 261
0.0062173 
0.05 
-250 -250 
-250 -250 
-250 -250 
-250 -250 
call# 262
0.0062173 
0.05 
-250 -250 
-250 -250 
-250 -250 
-250 -250 
call# 263
0.0062173 
0.05 
-250 -250 
-250 -250 
-250 -250 
-250 -250 
call# 264
0.0062173 
0.05 
-250 -250 
-250 -250 
-250 -250 
-250 -250 
call# 265
0.0062173 
0.05 
-250 -250 
-250 -250 
-250 -250 
-250 -250 
call# 266
0.0062173 
0.05 
-250 -250 
-250 -250 
-250 -250 
-250 -250 
call# 267
0.0062173 
0.05 
-250 -250 
-250 -250 
-250 -250 
-250 -250 
call# 268
0.0062173 
0.05 
-250 -250 
-250 -250 
-250 -250 
-250 -250 
call# 269
0.0062173 
0.05 
-250 -250 
-250 -250 
-250 -250 
-250 -250 
call# 270
0.0062173 
0.05 
-250 -250 
-250 -250 
-250 -250 
-250 -250 
call# 271
0.0062173 
0.05 
-250 -250 
-250 -250 
-250 -250 
-250 -250 
call# 272
0.0062173 
0.05 
-250 -250 
-250 -250 
-250 -250 
-250 -250 
call# 273
0.0062173 
0.05 
-250 -250 
-250 -250 
-250 -250 
-250 -250 
call# 274
0.0062173 
0.05 
-250 -250 
-250 -250 
-250 -250 
-250 -250 
call# 275
0.0062173 
0.05 
-250 -250 
-250 -250 
-250 -250 
-250 -250 
call# 276
0.0062173 
0.05 
-250 -250 
-250 -250 
-250 -250 
-250 -250 
call# 277
0.0062173 
0.05 
-250 -250 
-250 -250 
-250 -250 
-250 -250 
call# 278
0.0062173 
0.05 
-250 -250 
-250 -250 
-250 -250 
-250 -250 
call# 279
0.0062173 
0.05 
-250 -250 
-250 -250 
-250 -250 
-250 -250 
call# 280
0.0062173 
0.05 
-250 -250 
-250 -250 
-250 -250 
-250 -250 
call# 281
0.0062173 
0.05 
-250 -250 
-250 -250 
-250 -250 
-250 -250 
call# 282
0.0062173 
0.05 
-250 -250 
-250 -250 
-250 -250 
-250 -250 
call# 283
0.0062173 
0.05 
-250 -250 
-250 -250 
-250 -250 
-250 -250 
call# 284
0.0062173 
0.05 
-250 -250 
-250 -250 
-250 -250 
-250 -250 
call# 285
0.0062173 
0.05 
-250 -250 
-250 -250 
-250 -250 
-250 -250 
call# 286
0.0062173 
0.05 
-250 -250 
-250 -250 
-250 -250 
-250 -250 
call# 287
0.0062173 
0.05 
-250 -250 
-250 -250 
-250 -250 
-250 -250 
call# 288
0.0062173 
0.05 
-250 -250 
-250 -250 
-250 -250 
-250 -250 
call# 289
0.0062173 
0.05 
-250 -250 
-250 -250 
-250 -250 
-250 -250 
call# 290
0.0062173 
0.05 
-250 -250 
-250 -250 
-250 -250 
-250 -250 
call# 291
0.0062173 
0.05 
-250 -250 
-250 -250 
-250 -250 
-250 -250 
call# 292
0.0062173 
0.05 
-250 -250 
-250 -250 
-250 -250 
-250 -250 
call# 293
0.0062173 
0.05 
-250 -250 
-250 -250 
-250 -250 
-250 -250 
call# 294
0.0062173 
0.05 
-250 -250 
-250 -250 
-250 -250 
-250 -250 
call# 295
0.0062173 
0.05 
-250 -250 
-250 -250 
-250 -250 
-250 -250 
call# 296
0.0062173 
0.05 
-250 -250 
-250 -250 
-250 -250 
-250 -250 
call# 297
0.0062173 
0.05 
-250 -250 
-250 -250 
-250 -250 
-250 -250 
call# 298
0.0062173 
0.05 
-250 -250 
-250 -250 
-250 -250 
-250 -250 
call# 299
0.0062173 
0.05 
-250 -250 
-250 -250 
-250 -250 
-250 -250 
call# 300
0.0062173 
0.05 
-250 -250 
-250 -250 
-250 -250 
-250 -250 
call# 301
0.0062173 
0.05 
-250 -250 
-250 -250 
-250 -250 
-250 -250 
call# 302
0.0062173 
0.05 
-250 -250 
-250 -250 
-250 -250 
-250 -250 
call# 303
0.0062173 
0.05 
-250 -250 
-250 -250 
-250 -250 
-250 -250 
call# 304
0.0062173 
0.05 
-250 -250 
-250 -250 
-250 -250 
-250 -250 
call# 305
0.0062173 
0.05 
-250 -250 
-250 -250 
-250 -250 
-250 -250 
call# 306
0.0062173 
0.05 
-250 -250 
-250 -250 
-250 -250 
-250 -250 
call# 307
0.0062173 
0.05 
-250 -250 
-250 -250 
-250 -250 
-250 -250 
call# 308
0.0062173 
0.05 
-250 -250 
-250 -250 
-250 -250 
-250 -250 
call# 309
0.0062173 
0.05 
-250 -250 
-250 -250 
-250 -250 
-250 -250 
call# 310
0.0062173 
0.05 
-250 -250 
-250 -250 
-250 -250 
-250 -250 
call# 311
0.0062173 
0.05 
-250 -250 
-250 -250 
-250 -250 
-250 -250 
call# 312
0.0062173 
0.05 
-250 -250 
-250 -250 
-250 -250 
-250 -250 
call# 313
0.0062173 
0.05 
-250 -250 
-250 -250 
-250 -250 
-250 -250 
call# 314
0.0062173 
0.05 
-250 -250 
-250 -250 
-250 -250 
-250 -250 
call# 315
0.0062173 
0.05 
-250 -250 
-250 -250 
-250 -250 
-250 -250 
call# 316
0.0062173 
0.05 
-250 -250 
-250 -250 
-250 -250 
-250 -250 
call# 317
0.0062173 
0.05 
-250 -250 
-250 -250 
-250 -250 
-250 -250 
call# 318
0.0062173 
0.05 
-250 -250 
-250 -250 
-250 -250 
-250 -250 
call# 319
0.0062173 
0.05 
-250 -250 
-250 -250 
-250 -250 
-250 -250 
call# 320
0.0062173 
0.05 
-250 -250 
-250 -250 
-250 -250 
-250 -250 
call# 321
0.0062173 
0.05 
-250 -250 
-250 -250 
-250 -250 
-250 -250 
call# 322
0.0062173 
0.05 
-250 -250 
-250 -250 
-250 -250 
-250 -250 
call# 323
0.0062173 
0.05 
-250 -250 
-250 -250 
-250 -250 
-250 -250 
call# 324
0.0062173 
0.05 
-250 -250 
-250 -250 
-250 -250 
-250 -250 
call# 325
0.0062173 
0.05 
-250 -250 
-250 -250 
-250 -250 
-250 -250 
call# 326
0.0062173 
0.05 
-250 -250 
-250 -250 
-250 -250 
-250 -250 
call# 327
0.0062173 
0.05 
-250 -250 
-250 -250 
-250 -250 
-250 -250 
call# 328
0.0062173 
0.05 
-250 -250 
-250 -250 
-250 -250 
-250 -250 
call# 329
0.0062173 
0.05 
-250 -250 
-250 -250 
-250 -250 
-250 -250 
call# 330
0.0062173 
0.05 
-250 -250 
-250 -250 
-250 -250 
-250 -250 
call# 331
0.0062173 
0.05 
-250 -250 
-250 -250 
-250 -250 
-250 -250 
call# 332
0.0062173 
0.05 
-250 -250 
-250 -250 
-250 -250 
-250 -250 
call# 333
0.0062173 
0.05 
-250 -250 
-250 -250 
-250 -250 
-250 -250 
call# 334
0.0062173 
0.05 
-250 -250 
-250 -250 
-250 -250 
-250 -250 
call# 335
0.0062173 
0.05 
-250 -250 
-250 -250 
-250 -250 
-250 -250 
call# 336
0.0062173 
0.05 
-250 -250 
-250 -250 
-250 -250 
-250 -250 
call# 337
0.0062173 
0.05 
-250 -250 
-250 -250 
-250 -250 
-250 -250 
call# 338
0.0062173 
0.05 
-250 -250 
-250 -250 
-250 -250 
-250 -250 
call# 339
0.0062173 
0.05 
-250 -250 
-250 -250 
-250 -250 
-250 -250 
call# 340
0.0062173 
0.05 
-250 -250 
-250 -250 
-250 -250 
-250 -250 
call# 341
0.0062173 
0.05 
-250 -250 
-250 -250 
-250 -250 
-250 -250 
call# 342
0.0062173 
0.05 
-250 -250 
-250 -250 
-250 -250 
-250 -250 
call# 343
0.0062173 
0.05 
-250 -250 
-250 -250 
-250 -250 
-250 -250 
call# 344
0.0062173 
0.05 
-250 -250 
-250 -250 
-250 -250 
-250 -250 
call# 345
0.0062173 
0.05 
-250 -250 
-250 -250 
-250 -250 
-250 -250 
call# 346
0.0062173 
0.05 
-250 -250 
-250 -250 
-250 -250 
-250 -250 
call# 347
0.0062173 
0.05 
-250 -250 
-250 -250 
-250 -250 
-250 -250 
call# 348
0.0062173 
0.05 
-250 -250 
-250 -250 
-250 -250 
-250 -250 
call# 349
0.0062173 
0.05 
-250 -250 
-250 -250 
-250 -250 
-250 -250 
call# 350
0.0062173 
0.05 
-250 -250 
-250 -250 
-250 -250 
-250 -250 
call# 351
0.0062173 
0.05 
-250 -250 
-250 -250 
-250 -250 
-250 -250 
call# 352
0.0062173 
0.05 
-250 -250 
-250 -250 
-250 -250 
-250 -250 
call# 353
0.0062173 
0.05 
-250 -250 
-250 -250 
-250 -250 
-250 -250 
call# 354
0.0062173 
0.05 
-250 -250 
-250 -250 
-250 -250 
-250 -250 
call# 355
0.0062173 
0.05 
-250 -250 
-250 -250 
-250 -250 
-250 -250 
call# 356
0.0062173 
0.05 
-250 -250 
-250 -250 
-250 -250 
-250 -250 
call# 357
0.0062173 
0.05 
-250 -250 
-250 -250 
-250 -250 
-250 -250 
call# 358
0.0062173 
0.05 
-250 -250 
-250 -250 
-250 -250 
-250 -250 
call# 359
0.0062173 
0.05 
-250 -250 
-250 -250 
-250 -250 
-250 -250 
call# 360
0.0062173 
0.05 
-250 -250 
-250 -250 
-250 -250 
-250 -250 
call# 361
0.0062173 
0.05 
-250 -250 
-250 -250 
-250 -250 
-250 -250 
call# 362
0.0062173 
0.05 
-250 -250 
-250 -250 
-250 -250 
-250 -250 
call# 363
0.0062173 
0.05 
-250 -250 
-250 -250 
-250 -250 
-250 -250 
call# 364
0.0062173 
0.05 
-250 -250 
-250 -250 
-250 -250 
-250 -250 
call# 365
0.0062173 
0.05 
-250 -250 
-250 -250 
-250 -250 
-250 -250 
call# 366
0.0062173 
0.05 
-250 -250 
-250 -250 
-250 -250 
-250 -250 
call# 367
0.0062173 
0.05 
-250 -250 
-250 -250 
-250 -250 
-250 -250 
call# 368
0.0062173 
0.05 
-250 -250 
-250 -250 
-250 -250 
-250 -250 
call# 369
0.0062173 
0.05 
-250 -250 
-250 -250 
-250 -250 
-250 -250 
call# 370
0.0062173 
0.05 
-250 -250 
-250 -250 
-250 -250 
-250 -250 
call# 371
0.0062173 
0.05 
-250 -250 
-250 -250 
-250 -250 
-250 -250 
call# 372
0.0062173 
0.05 
-250 -250 
-250 -250 
-250 -250 
-250 -250 
call# 373
0.0062173 
0.05 
-250 -250 
-250 -250 
-250 -250 
-250 -250 
call# 374
0.0062173 
0.05 
-250 -250 
-250 -250 
-250 -250 
-250 -250 
call# 375
0.0062173 
0.05 
-250 -250 
-250 -250 
-250 -250 
-250 -250 
call# 376
0.0062173 
0.05 
-250 -250 
-250 -250 
-250 -250 
-250 -250 
call# 377
0.0062173 
0.05 
-250 -250 
-250 -250 
-250 -250 
-250 -250 
call# 378
0.0062173 
0.05 
-250 -250 
-250 -250 
-250 -250 
-250 -250 
call# 379
0.0062173 
0.05 
-250 -250 
-250 -250 
-250 -250 
-250 -250 
call# 380
0.0062173 
0.05 
-250 -250 
-250 -250 
-250 -250 
-250 -250 
call# 381
0.0062173 
0.05 
-250 -250 
-250 -250 
-250 -250 
-250 -250 
call# 382
0.0062173 
0.05 
-250 -250 
-250 -250 
-250 -250 
-250 -250 
call# 383
0.0062173 
0.05 
-250 -250 
-250 -250 
-250 -250 
-250 -250 
call# 384
0.0062173 
0.05 
-250 -250 
-250 -250 
-250 -250 
-250 -250 
call# 385
0.0062173 
0.05 
-250 -250 
-250 -250 
-250 -250 
-250 -250 
call# 386
0.0062173 
0.05 
-250 -250 
-250 -250 
-250 -250 
-250 -250 
call# 387
0.0062173 
0.05 
-250 -250 
-250 -250 
-250 -250 
-250 -250 
call# 388
0.0062173 
0.05 
-250 -250 
-250 -250 
-250 -250 
-250 -250 
call# 389
0.0062173 
0.05 
-250 -250 
-250 -250 
-250 -250 
-250 -250 
call# 390
0.0062173 
0.05 
-250 -250 
-250 -250 
-250 -250 
-250 -250 
call# 391
0.0062173 
0.05 
-250 -250 
-250 -250 
-250 -250 
-250 -250 
call# 392
0.0062173 
0.05 
-250 -250 
-250 -250 
-250 -250 
-250 -250 
call# 393
0.0062173 
0.05 
-250 -250 
-250 -250 
-250 -250 
-250 -250 
call# 394
0.0062173 
0.05 
-250 -250 
-250 -250 
-250 -250 
-250 -250 
call# 395
0.0062173 
0.05 
-250 -250 
-250 -250 
-250 -250 
-250 -250 
call# 396
0.0062173 
0.05 
-250 -250 
-250 -250 
-250 -250 
-250 -250 
call# 397
0.0062173 
0.05 
-250 -250 
-250 -250 
-250 -250 
-250 -250 
call# 398
0.0062173 
0.05 
-250 -250 
-250 -250 
-250 -250 
-250 -250 
call# 399
0.0062173 
0.05 
-250 -250 
-250 -250 
-250 -250 
-250 -250 
call# 400
0.0062173 
0.05 
-250 -250 
-250 -250 
-250 -250 
-250 -250 
call# 401
0.0062173 
0.05 
-250 -250 
-250 -250 
-250 -250 
-250 -250 
call# 402
0.0062173 
0.05 
-250 -250 
-250 -250 
-250 -250 
-250 -250 
call# 403
0.0062173 
0.05 
-250 -250 
-250 -250 
-250 -250 
-250 -250 
call# 404
0.0062173 
0.05 
-250 -250 
-250 -250 
-250 -250 
-250 -250 
call# 405
0.0062173 
0.05 
-250 -250 
-250 -250 
-250 -250 
-250 -250 
call# 406
0.0062173 
0.05 
-250 -250 
-250 -250 
-250 -250 
-250 -250 
call# 407
0.0062173 
0.05 
-250 -250 
-250 -250 
-250 -250 
-250 -250 
call# 408
0.0062173 
0.05 
-250 -250 
-250 -250 
-250 -250 
-250 -250 
call# 409
0.0062173 
0.05 
-250 -250 
-250 -250 
-250 -250 
-250 -250 
call# 410
0.0062173 
0.05 
-250 -250 
-250 -250 
-250 -250 
-250 -250 
call# 411
0.0062173 
0.05 
-250 -250 
-250 -250 
-250 -250 
-250 -250 
call# 412
0.0062173 
0.05 
-250 -250 
-250 -250 
-250 -250 
-250 -250 
call# 413
0.0062173 
0.05 
-250 -250 
-250 -250 
-250 -250 
-250 -250 
call# 414
0.0062173 
0.05 
-250 -250 
-250 -250 
-250 -250 
-250 -250 
call# 415
0.0062173 
0.05 
-250 -250 
-250 -250 
-250 -250 
-250 -250 
call# 416
0.0062173 
0.05 
-250 -250 
-250 -250 
-250 -250 
-250 -250 
call# 417
0.0062173 
0.05 
-250 -250 
-250 -250 
-250 -250 
-250 -250 
call# 418
0.0062173 
0.05 
-250 -250 
-250 -250 
-250 -250 
-250 -250 
call# 419
0.0062173 
0.05 
-250 -250 
-250 -250 
-250 -250 
-250 -250 
call# 420
0.0062173 
0.05 
-250 -250 
-250 -250 
-250 -250 
-250 -250 
call# 421
0.0062173 
0.05 
-250 -250 
-250 -250 
-250 -250 
-250 -250 
call# 422
0.0062173 
0.05 
-250 -250 
-250 -250 
-250 -250 
-250 -250 
call# 423
0.0062173 
0.05 
-250 -250 
-250 -250 
-250 -250 
-250 -250 
call# 424
0.0062173 
0.05 
-250 -250 
-250 -250 
-250 -250 
-250 -250 
call# 425
0.0062173 
0.05 
-250 -250 
-250 -250 
-250 -250 
-250 -250 
call# 426
0.0062173 
0.05 
-250 -250 
-250 -250 
-250 -250 
-250 -250 
call# 427
0.0062173 
0.05 
-250 -250 
-250 -250 
-250 -250 
-250 -250 
call# 428
0.0062173 
0.05 
-250 -250 
-250 -250 
-250 -250 
-250 -250 
call# 429
0.0062173 
0.05 
-250 -250 
-250 -250 
-250 -250 
-250 -250 
call# 430
0.0062173 
0.05 
-250 -250 
-250 -250 
-250 -250 
-250 -250 
call# 431
0.0062173 
0.05 
-250 -250 
-250 -250 
-250 -250 
-250 -250 
call# 432
0.0062173 
0.05 
-250 -250 
-250 -250 
-250 -250 
-250 -250 
call# 433
0.0062173 
0.05 
-250 -250 
-250 -250 
-250 -250 
-250 -250 
call# 434
0.0062173 
0.05 
-250 -250 
-250 -250 
-250 -250 
-250 -250 
call# 435
0.0062173 
0.05 
-250 -250 
-250 -250 
-250 -250 
-250 -250 
call# 436
0.0062173 
0.05 
-250 -250 
-250 -250 
-250 -250 
-250 -250 
call# 437
0.0062173 
0.05 
-250 -250 
-250 -250 
-250 -250 
-250 -250 
call# 438
0.0062173 
0.05 
-250 -250 
-250 -250 
-250 -250 
-250 -250 
call# 439
0.0062173 
0.05 
-250 -250 
-250 -250 
-250 -250 
-250 -250 
call# 440
0.0062173 
0.05 
-250 -250 
-250 -250 
-250 -250 
-250 -250 
call# 441
0.0062173 
0.05 
-250 -250 
-250 -250 
-250 -250 
-250 -250 
call# 442
0.0062173 
0.05 
-250 -250 
-250 -250 
-250 -250 
-250 -250 
call# 443
0.0062173 
0.05 
-250 -250 
-250 -250 
-250 -250 
-250 -250 
call# 444
0.0062173 
0.05 
-250 -250 
-250 -250 
-250 -250 
-250 -250 
call# 445
0.0062173 
0.05 
-250 -250 
-250 -250 
-250 -250 
-250 -250 
call# 446
0.0062173 
0.05 
-250 -250 
-250 -250 
-250 -250 
-250 -250 
call# 447
0.0062173 
0.05 
-250 -250 
-250 -250 
-250 -250 
-250 -250 
call# 448
0.0062173 
0.05 
-250 -250 
-250 -250 
-250 -250 
-250 -250 
call# 449
0.0062173 
0.05 
-250 -250 
-250 -250 
-250 -250 
-250 -250 
call# 450
0.0062173 
0.05 
-250 -250 
-250 -250 
-250 -250 
-250 -250 
call# 451
0.0062173 
0.05 
-250 -250 
-250 -250 
-250 -250 
-250 -250 
call# 452
0.0062173 
0.05 
-250 -250 
-250 -250 
-250 -250 
-250 -250 
call# 453
0.0062173 
0.05 
-250 -250 
-250 -250 
-250 -250 
-250 -250 
call# 454
0.0062173 
0.05 
-250 -250 
-250 -250 
-250 -250 
-250 -250 
call# 455
0.0062173 
0.05 
-250 -250 
-250 -250 
-250 -250 
-250 -250 
call# 456
0.0062173 
0.05 
-250 -250 
-250 -250 
-250 -250 
-250 -250 
call# 457
0.0062173 
0.05 
-250 -250 
-250 -250 
-250 -250 
-250 -250 
call# 458
0.0062173 
0.05 
-250 -250 
-250 -250 
-250 -250 
-250 -250 
call# 459
0.0062173 
0.05 
-250 -250 
-250 -250 
-250 -250 
-250 -250 
call# 460
0.0062173 
0.05 
-250 -250 
-250 -250 
-250 -250 
-250 -250 
call# 461
0.0062173 
0.05 
-250 -250 
-250 -250 
-250 -250 
-250 -250 
call# 462
0.0062173 
0.05 
-250 -250 
-250 -250 
-250 -250 
-250 -250 
call# 463
0.0062173 
0.05 
-250 -250 
-250 -250 
-250 -250 
-250 -250 
call# 464
0.0062173 
0.05 
-250 -250 
-250 -250 
-250 -250 
-250 -250 
call# 465
0.0062173 
0.05 
-250 -250 
-250 -250 
-250 -250 
-250 -250 
call# 466
0.0062173 
0.05 
-250 -250 
-250 -250 
-250 -250 
-250 -250 
call# 467
0.0062173 
0.05 
-250 -250 
-250 -250 
-250 -250 
-250 -250 
call# 468
0.0062173 
0.05 
-250 -250 
-250 -250 
-250 -250 
-250 -250 
call# 469
0.0062173 
0.05 
-250 -250 
-250 -250 
-250 -250 
-250 -250 
call# 470
0.0062173 
0.05 
-250 -250 
-250 -250 
-250 -250 
-250 -250 
call# 471
0.0062173 
0.05 
-250 -250 
-250 -250 
-250 -250 
-250 -250 
call# 472
0.0062173 
0.05 
-250 -250 
-250 -250 
-250 -250 
-250 -250 
call# 473
0.0062173 
0.05 
-250 -250 
-250 -250 
-250 -250 
-250 -250 
call# 474
0.0062173 
0.05 
-250 -250 
-250 -250 
-250 -250 
-250 -250 
call# 475
0.0062173 
0.05 
-250 -250 
-250 -250 
-250 -250 
-250 -250 
call# 476
0.0062173 
0.05 
-250 -250 
-250 -250 
-250 -250 
-250 -250 
call# 477
0.0062173 
0.05 
-250 -250 
-250 -250 
-250 -250 
-250 -250 
call# 478
0.0062173 
0.05 
-250 -250 
-250 -250 
-250 -250 
-250 -250 
call# 479
0.0062173 
0.05 
-250 -250 
-250 -250 
-250 -250 
-250 -250 
call# 480
0.0062173 
0.05 
-250 -250 
-250 -250 
-250 -250 
-250 -250 
call# 481
0.0062173 
0.05 
-250 -250 
-250 -250 
-250 -250 
-250 -250 
call# 482
0.0062173 
0.05 
-250 -250 
-250 -250 
-250 -250 
-250 -250 
call# 483
0.0062173 
0.05 
-250 -250 
-250 -250 
-250 -250 
-250 -250 
call# 484
0.0062173 
0.05 
-250 -250 
-250 -250 
-250 -250 
-250 -250 
call# 485
0.0062173 
0.05 
-250 -250 
-250 -250 
-250 -250 
-250 -250 
call# 486
0.0062173 
0.05 
-250 -250 
-250 -250 
-250 -250 
-250 -250 
call# 487
0.0062173 
0.05 
-250 -250 
-250 -250 
-250 -250 
-250 -250 
call# 488
0.0062173 
0.05 
-250 -250 
-250 -250 
-250 -250 
-250 -250 
call# 489
0.0062173 
0.05 
-250 -250 
-250 -250 
-250 -250 
-250 -250 
call# 490
0.0062173 
0.05 
-250 -250 
-250 -250 
-250 -250 
-250 -250 
call# 491
0.0062173 
0.05 
-250 -250 
-250 -250 
-250 -250 
-250 -250 
call# 492
0.0062173 
0.05 
-250 -250 
-250 -250 
-250 -250 
-250 -250 
call# 493
0.0062173 
0.05 
-250 -250 
-250 -250 
-250 -250 
-250 -250 
call# 494
0.0062173 
0.05 
-250 -250 
-250 -250 
-250 -250 
-250 -250 
call# 495
0.0062173 
0.05 
-250 -250 
-250 -250 
-250 -250 
-250 -250 
call# 496
0.0062173 
0.05 
-250 -250 
-250 -250 
-250 -250 
-250 -250 
call# 497
0.0062173 
0.05 
-250 -250 
-250 -250 
-250 -250 
-250 -250 
call# 498
0.0062173 
0.05 
-250 -250 
-250 -250 
-250 -250 
-250 -250 
call# 499
0.0062173 
0.05 
-250 -250 
-250 -250 
-250 -250 
-250 -250 
call# 500
0.0062173 
0.05 
-250 -250 
-250 -250 
-250 -250 
-250 -250 
call# 501
0.0062173 
0.05 
-250 -250 
-250 -250 
-250 -250 
-250 -250 
call# 502
0.0062173 
0.05 
-250 -250 
-250 -250 
-250 -250 
-250 -250 
call# 503
0.0062173 
0.05 
-250 -250 
-250 -250 
-250 -250 
-250 -250 
call# 504
0.0062173 
0.05 
-250 -250 
-250 -250 
-250 -250 
-250 -250 
call# 505
0.0062173 
0.05 
-250 -250 
-250 -250 
-250 -250 
-250 -250 
call# 506
0.0062173 
0.05 
-250 -250 
-250 -250 
-250 -250 
-250 -250 
call# 507
0.0062173 
0.05 
-250 -250 
-250 -250 
-250 -250 
-250 -250 
call# 508
0.0062173 
0.05 
-250 -250 
-250 -250 
-250 -250 
-250 -250 
call# 509
0.0062173 
0.05 
-250 -250 
-250 -250 
-250 -250 
-250 -250 
call# 510
0.0062173 
0.05 
-250 -250 
-250 -250 
-250 -250 
-250 -250 
call# 511
0.0062173 
0.05 
-250 -250 
-250 -250 
-250 -250 
-250 -250 
call# 512
0.0062173 
0.05 
-250 -250 
-250 -250 
-250 -250 
-250 -250 
call# 513
0.0062173 
0.05 
-250 -250 
-250 -250 
-250 -250 
-250 -250 
call# 514
0.0062173 
0.05 
-250 -250 
-250 -250 
-250 -250 
-250 -250 
call# 515
0.0062173 
0.05 
-250 -250 
-250 -250 
-250 -250 
-250 -250 
call# 516
0.0062173 
0.05 
-250 -250 
-250 -250 
-250 -250 
-250 -250 
call# 517
0.0062173 
0.05 
-250 -250 
-250 -250 
-250 -250 
-250 -250 
call# 518
0.0062173 
0.05 
-250 -250 
-250 -250 
-250 -250 
-250 -250 
call# 519
0.0062173 
0.05 
-250 -250 
-250 -250 
-250 -250 
-250 -250 
call# 520
0.0062173 
0.05 
-250 -250 
-250 -250 
-250 -250 
-250 -250 
call# 521
0.0062173 
0.05 
-250 -250 
-250 -250 
-250 -250 
-250 -250 
call# 522
0.0062173 
0.05 
-250 -250 
-250 -250 
-250 -250 
-250 -250 
call# 523
0.0062173 
0.05 
-250 -250 
-250 -250 
-250 -250 
-250 -250 
call# 524
0.0062173 
0.05 
-250 -250 
-250 -250 
-250 -250 
-250 -250 
call# 525
0.0062173 
0.05 
-250 -250 
-250 -250 
-250 -250 
-250 -250 
call# 526
0.0062173 
0.05 
-250 -250 
-250 -250 
-250 -250 
-250 -250 
call# 527
0.0062173 
0.05 
-250 -250 
-250 -250 
-250 -250 
-250 -250 
call# 528
0.0062173 
0.05 
-250 -250 
-250 -250 
-250 -250 
-250 -250 
call# 529
0.0062173 
0.05 
-250 -250 
-250 -250 
-250 -250 
-250 -250 
call# 530
0.0062173 
0.05 
-250 -250 
-250 -250 
-250 -250 
-250 -250 
call# 531
0.0062173 
0.05 
-250 -250 
-250 -250 
-250 -250 
-250 -250 
call# 532
0.0062173 
0.05 
-250 -250 
-250 -250 
-250 -250 
-250 -250 
call# 533
0.0062173 
0.05 
-250 -250 
-250 -250 
-250 -250 
-250 -250 
call# 534
0.0062173 
0.05 
-250 -250 
-250 -250 
-250 -250 
-250 -250 
call# 535
0.0062173 
0.05 
-250 -250 
-250 -250 
-250 -250 
-250 -250 
call# 536
0.0062173 
0.05 
-250 -250 
-250 -250 
-250 -250 
-250 -250 
call# 537
0.0062173 
0.05 
-250 -250 
-250 -250 
-250 -250 
-250 -250 
call# 538
0.0062173 
0.05 
-250 -250 
-250 -250 
-250 -250 
-250 -250 
call# 539
0.0062173 
0.05 
-250 -250 
-250 -250 
-250 -250 
-250 -250 
call# 540
0.0062173 
0.05 
-250 -250 
-250 -250 
-250 -250 
-250 -250 
call# 541
0.0062173 
0.05 
-250 -250 
-250 -250 
-250 -250 
-250 -250 
call# 542
0.0062173 
0.05 
-250 -250 
-250 -250 
-250 -250 
-250 -250 
call# 543
0.0062173 
0.05 
-250 -250 
-250 -250 
-250 -250 
-250 -250 
call# 544
0.0062173 
0.05 
-250 -250 
-250 -250 
-250 -250 
-250 -250 
call# 545
0.0062173 
0.05 
-250 -250 
-250 -250 
-250 -250 
-250 -250 
call# 546
0.0062173 
0.05 
-250 -250 
-250 -250 
-250 -250 
-250 -250 
call# 547
0.0062173 
0.05 
-250 -250 
-250 -250 
-250 -250 
-250 -250 
call# 548
0.0062173 
0.05 
-250 -250 
-250 -250 
-250 -250 
-250 -250 
call# 549
0.0062173 
0.05 
-250 -250 
-250 -250 
-250 -250 
-250 -250 
call# 550
0.0062173 
0.05 
-250 -250 
-250 -250 
-250 -250 
-250 -250 
call# 551
0.0062173 
0.05 
-250 -250 
-250 -250 
-250 -250 
-250 -250 
call# 552
0.0062173 
0.05 
-250 -250 
-250 -250 
-250 -250 
-250 -250 
call# 553
0.0062173 
0.05 
-250 -250 
-250 -250 
-250 -250 
-250 -250 
call# 554
0.0062173 
0.05 
-250 -250 
-250 -250 
-250 -250 
-250 -250 
call# 555
0.0062173 
0.05 
-250 -250 
-250 -250 
-250 -250 
-250 -250 
call# 556
0.0062173 
0.05 
-250 -250 
-250 -250 
-250 -250 
-250 -250 
call# 557
0.0062173 
0.05 
-250 -250 
-250 -250 
-250 -250 
-250 -250 
call# 558
0.0062173 
0.05 
-250 -250 
-250 -250 
-250 -250 
-250 -250 
call# 559
0.0062173 
0.05 
-250 -250 
-250 -250 
-250 -250 
-250 -250 
call# 560
0.0062173 
0.05 
-250 -250 
-250 -250 
-250 -250 
-250 -250 
call# 561
0.0062173 
0.05 
-250 -250 
-250 -250 
-250 -250 
-250 -250 
call# 562
0.0062173 
0.05 
-250 -250 
-250 -250 
-250 -250 
-250 -250 
call# 563
0.0062173 
0.05 
-250 -250 
-250 -250 
-250 -250 
-250 -250 
call# 564
0.0062173 
0.05 
-250 -250 
-250 -250 
-250 -250 
-250 -250 
call# 565
0.0062173 
0.05 
-250 -250 
-250 -250 
-250 -250 
-250 -250 
call# 566
0.0062173 
0.05 
-250 -250 
-250 -250 
-250 -250 
-250 -250 
call# 567
0.0062173 
0.05 
-250 -250 
-250 -250 
-250 -250 
-250 -250 
call# 568
0.0062173 
0.05 
-250 -250 
-250 -250 
-250 -250 
-250 -250 
call# 569
0.0062173 
0.05 
-250 -250 
-250 -250 
-250 -250 
-250 -250 
call# 570
0.0062173 
0.05 
-250 -250 
-250 -250 
-250 -250 
-250 -250 
call# 571
0.0062173 
0.05 
-250 -250 
-250 -250 
-250 -250 
-250 -250 
call# 572
0.0062173 
0.05 
-250 -250 
-250 -250 
-250 -250 
-250 -250 
call# 573
0.0062173 
0.05 
-250 -250 
-250 -250 
-250 -250 
-250 -250 
call# 574
0.0062173 
0.05 
-250 -250 
-250 -250 
-250 -250 
-250 -250 
call# 575
0.0062173 
0.05 
-250 -250 
-250 -250 
-250 -250 
-250 -250 
call# 576
0.0062173 
0.05 
-250 -250 
-250 -250 
-250 -250 
-250 -250 
call# 577
0.0062173 
0.05 
-250 -250 
-250 -250 
-250 -250 
-250 -250 
call# 578
0.0062173 
0.05 
-250 -250 
-250 -250 
-250 -250 
-250 -250 
call# 579
0.0062173 
0.05 
-250 -250 
-250 -250 
-250 -250 
-250 -250 
call# 580
0.0062173 
0.05 
-250 -250 
-250 -250 
-250 -250 
-250 -250 
call# 581
0.0062173 
0.05 
-250 -250 
-250 -250 
-250 -250 
-250 -250 
call# 582
0.0062173 
0.05 
-250 -250 
-250 -250 
-250 -250 
-250 -250 
call# 583
0.0062173 
0.05 
-250 -250 
-250 -250 
-250 -250 
-250 -250 
call# 584
0.0062173 
0.05 
-250 -250 
-250 -250 
-250 -250 
-250 -250 
call# 585
0.0062173 
0.05 
-250 -250 
-250 -250 
-250 -250 
-250 -250 
call# 586
0.0062173 
0.05 
-250 -250 
-250 -250 
-250 -250 
-250 -250 
call# 587
0.0062173 
0.05 
-250 -250 
-250 -250 
-250 -250 
-250 -250 
call# 588
0.0062173 
0.05 
-250 -250 
-250 -250 
-250 -250 
-250 -250 
call# 589
0.0062173 
0.05 
-250 -250 
-250 -250 
-250 -250 
-250 -250 
call# 590
0.0062173 
0.05 
-250 -250 
-250 -250 
-250 -250 
-250 -250 
call# 591
0.0062173 
0.05 
-250 -250 
-250 -250 
-250 -250 
-250 -250 
call# 592
0.0062173 
0.05 
-250 -250 
-250 -250 
-250 -250 
-250 -250 
call# 593
0.0062173 
0.05 
-250 -250 
-250 -250 
-250 -250 
-250 -250 
call# 594
0.0062173 
0.05 
-250 -250 
-250 -250 
-250 -250 
-250 -250 
call# 595
0.0062173 
0.05 
-250 -250 
-250 -250 
-250 -250 
-250 -250 
call# 596
0.0062173 
0.05 
-250 -250 
-250 -250 
-250 -250 
-250 -250 
call# 597
0.0062173 
0.05 
-250 -250 
-250 -250 
-250 -250 
-250 -250 
call# 598
0.0062173 
0.05 
-250 -250 
-250 -250 
-250 -250 
-250 -250 
call# 599
0.0062173 
0.05 
-250 -250 
-250 -250 
-250 -250 
-250 -250 
call# 600
0.0062173 
0.05 
-250 -250 
-250 -250 
-250 -250 
-250 -250 
call# 601
0.0062173 
0.05 
-250 -250 
-250 -250 
-250 -250 
-250 -250 
call# 602
0.0062173 
0.05 
-250 -250 
-250 -250 
-250 -250 
-250 -250 
call# 603
0.0062173 
0.05 
-250 -250 
-250 -250 
-250 -250 
-250 -250 
call# 604
0.0062173 
0.05 
-250 -250 
-250 -250 
-250 -250 
-250 -250 
call# 605
0.0062173 
0.05 
-250 -250 
-250 -250 
-250 -250 
-250 -250 
call# 606
0.0062173 
0.05 
-250 -250 
-250 -250 
-250 -250 
-250 -250 
call# 607
0.0062173 
0.05 
-250 -250 
-250 -250 
-250 -250 
-250 -250 
call# 608
0.0062173 
0.05 
-250 -250 
-250 -250 
-250 -250 
-250 -250 
call# 609
0.0062173 
0.05 
-250 -250 
-250 -250 
-250 -250 
-250 -250 
call# 610
0.0062173 
0.05 
-250 -250 
-250 -250 
-250 -250 
-250 -250 
call# 611
0.0062173 
0.05 
-250 -250 
-250 -250 
-250 -250 
-250 -250 
call# 612
0.0062173 
0.05 
-250 -250 
-250 -250 
-250 -250 
-250 -250 
call# 613
0.0062173 
0.05 
-250 -250 
-250 -250 
-250 -250 
-250 -250 
call# 614
0.0062173 
0.05 
-250 -250 
-250 -250 
-250 -250 
-250 -250 
call# 615
0.0062173 
0.05 
-250 -250 
-250 -250 
-250 -250 
-250 -250 
call# 616
0.0062173 
0.05 
-250 -250 
-250 -250 
-250 -250 
-250 -250 
call# 617
0.0062173 
0.05 
-250 -250 
-250 -250 
-250 -250 
-250 -250 
call# 618
0.0062173 
0.05 
-250 -250 
-250 -250 
-250 -250 
-250 -250 
call# 619
0.0062173 
0.05 
-250 -250 
-250 -250 
-250 -250 
-250 -250 
call# 620
0.0062173 
0.05 
-250 -250 
-250 -250 
-250 -250 
-250 -250 
call# 621
0.0062173 
0.05 
-250 -250 
-250 -250 
-250 -250 
-250 -250 
call# 622
0.0062173 
0.05 
-250 -250 
-250 -250 
-250 -250 
-250 -250 
call# 623
0.0062173 
0.05 
-250 -250 
-250 -250 
-250 -250 
-250 -250 
call# 624
0.0062173 
0.05 
-250 -250 
-250 -250 
-250 -250 
-250 -250 
call# 625
0.0062173 
0.05 
-250 -250 
-250 -250 
-250 -250 
-250 -250 
call# 626
0.0062173 
0.05 
-250 -250 
-250 -250 
-250 -250 
-250 -250 
call# 627
0.0062173 
0.05 
-250 -250 
-250 -250 
-250 -250 
-250 -250 
call# 628
0.0062173 
0.05 
-250 -250 
-250 -250 
-250 -250 
-250 -250 
call# 629
0.0062173 
0.05 
-250 -250 
-250 -250 
-250 -250 
-250 -250 
call# 630
0.0062173 
0.05 
-250 -250 
-250 -250 
-250 -250 
-250 -250 
call# 631
0.0062173 
0.05 
-250 -250 
-250 -250 
-250 -250 
-250 -250 
call# 632
0.0062173 
0.05 
-250 -250 
-250 -250 
-250 -250 
-250 -250 
call# 633
0.0062173 
0.05 
-250 -250 
-250 -250 
-250 -250 
-250 -250 
call# 634
0.0062173 
0.05 
-250 -250 
-250 -250 
-250 -250 
-250 -250 
call# 635
0.0062173 
0.05 
-250 -250 
-250 -250 
-250 -250 
-250 -250 
call# 636
0.0062173 
0.05 
-250 -250 
-250 -250 
-250 -250 
-250 -250 
call# 637
0.0062173 
0.05 
-250 -250 
-250 -250 
-250 -250 
-250 -250 
call# 638
0.0062173 
0.05 
-250 -250 
-250 -250 
-250 -250 
-250 -250 
call# 639
0.0062173 
0.05 
-250 -250 
-250 -250 
-250 -250 
-250 -250 
call# 640
0.0062173 
0.05 
-250 -250 
-250 -250 
-250 -250 
-250 -250 
call# 641
0.0062173 
0.05 
-250 -250 
-250 -250 
-250 -250 
-250 -250 
call# 642
0.0062173 
0.05 
-250 -250 
-250 -250 
-250 -250 
-250 -250 
call# 643
0.0062173 
0.05 
-250 -250 
-250 -250 
-250 -250 
-250 -250 
call# 644
0.0062173 
0.05 
-250 -250 
-250 -250 
-250 -250 
-250 -250 
call# 645
0.0062173 
0.05 
-250 -250 
-250 -250 
-250 -250 
-250 -250 
call# 646
0.0062173 
0.05 
-250 -250 
-250 -250 
-250 -250 
-250 -250 
call# 647
0.0062173 
0.05 
-250 -250 
-250 -250 
-250 -250 
-250 -250 
call# 648
0.0062173 
0.05 
-250 -250 
-250 -250 
-250 -250 
-250 -250 
call# 649
0.0062173 
0.05 
-250 -250 
-250 -250 
-250 -250 
-250 -250 
call# 650
0.0062173 
0.05 
-250 -250 
-250 -250 
-250 -250 
-250 -250 
call# 651
0.0062173 
0.05 
-250 -250 
-250 -250 
-250 -250 
-250 -250 
call# 652
0.0062173 
0.05 
-250 -250 
-250 -250 
-250 -250 
-250 -250 
call# 653
0.0062173 
0.05 
-250 -250 
-250 -250 
-250 -250 
-250 -250 
call# 654
0.0062173 
0.05 
-250 -250 
-250 -250 
-250 -250 
-250 -250 
call# 655
0.0062173 
0.05 
-250 -250 
-250 -250 
-250 -250 
-250 -250 
call# 656
0.0062173 
0.05 
-250 -250 
-250 -250 
-250 -250 
-250 -250 
call# 657
0.0062173 
0.05 
-250 -250 
-250 -250 
-250 -250 
-250 -250 
call# 658
0.0062173 
0.05 
-250 -250 
-250 -250 
-250 -250 
-250 -250 
call# 659
0.0062173 
0.05 
-250 -250 
-250 -250 
-250 -250 
-250 -250 
call# 660
0.0062173 
0.05 
-250 -250 
-250 -250 
-250 -250 
-250 -250 
call# 661
0.0062173 
0.05 
-250 -250 
-250 -250 
-250 -250 
-250 -250 
call# 662
0.0062173 
0.05 
-250 -250 
-250 -250 
-250 -250 
-250 -250 
call# 663
0.0062173 
0.05 
-250 -250 
-250 -250 
-250 -250 
-250 -250 
call# 664
0.0062173 
0.05 
-250 -250 
-250 -250 
-250 -250 
-250 -250 
call# 665
0.0062173 
0.05 
-250 -250 
-250 -250 
-250 -250 
-250 -250 
call# 666
0.0062173 
0.05 
-250 -250 
-250 -250 
-250 -250 
-250 -250 
call# 667
0.0062173 
0.05 
-250 -250 
-250 -250 
-250 -250 
-250 -250 
call# 668
0.0062173 
0.05 
-250 -250 
-250 -250 
-250 -250 
-250 -250 
call# 669
0.0062173 
0.05 
-250 -250 
-250 -250 
-250 -250 
-250 -250 
call# 670
0.0062173 
0.05 
-250 -250 
-250 -250 
-250 -250 
-250 -250 
call# 671
0.0062173 
0.05 
-250 -250 
-250 -250 
-250 -250 
-250 -250 
call# 672
0.0062173 
0.05 
-250 -250 
-250 -250 
-250 -250 
-250 -250 
call# 673
0.0062173 
0.05 
-250 -250 
-250 -250 
-250 -250 
-250 -250 
call# 674
0.0062173 
0.05 
-250 -250 
-250 -250 
-250 -250 
-250 -250 
call# 675
0.0062173 
0.05 
-250 -250 
-250 -250 
-250 -250 
-250 -250 
call# 676
0.0062173 
0.05 
-250 -250 
-250 -250 
-250 -250 
-250 -250 
call# 677
0.0062173 
0.05 
-250 -250 
-250 -250 
-250 -250 
-250 -250 
call# 678
0.0062173 
0.05 
-250 -250 
-250 -250 
-250 -250 
-250 -250 
call# 679
0.0062173 
0.05 
-250 -250 
-250 -250 
-250 -250 
-250 -250 
call# 680
0.0062173 
0.05 
-250 -250 
-250 -250 
-250 -250 
-250 -250 
call# 681
0.0062173 
0.05 
-250 -250 
-250 -250 
-250 -250 
-250 -250 
call# 682
0.0062173 
0.05 
-250 -250 
-250 -250 
-250 -250 
-250 -250 
call# 683
0.0062173 
0.05 
-250 -250 
-250 -250 
-250 -250 
-250 -250 
call# 684
0.0062173 
0.05 
-250 -250 
-250 -250 
-250 -250 
-250 -250 
call# 685
0.0062173 
0.05 
-250 -250 
-250 -250 
-250 -250 
-250 -250 
call# 686
0.0062173 
0.05 
-250 -250 
-250 -250 
-250 -250 
-250 -250 
call# 687
0.0062173 
0.05 
-250 -250 
-250 -250 
-250 -250 
-250 -250 
call# 688
0.0062173 
0.05 
-250 -250 
-250 -250 
-250 -250 
-250 -250 
call# 689
0.0062173 
0.05 
-250 -250 
-250 -250 
-250 -250 
-250 -250 
call# 690
0.0062173 
0.05 
-250 -250 
-250 -250 
-250 -250 
-250 -250 
call# 691
0.0062173 
0.05 
-250 -250 
-250 -250 
-250 -250 
-250 -250 
call# 692
0.0062173 
0.05 
-250 -250 
-250 -250 
-250 -250 
-250 -250 
call# 693
0.0062173 
0.05 
-250 -250 
-250 -250 
-250 -250 
-250 -250 
call# 694
0.0062173 
0.05 
-250 -250 
-250 -250 
-250 -250 
-250 -250 
call# 695
0.0062173 
0.05 
-250 -250 
-250 -250 
-250 -250 
-250 -250 
call# 696
0.0062173 
0.05 
-250 -250 
-250 -250 
-250 -250 
-250 -250 
call# 697
0.0062173 
0.05 
-250 -250 
-250 -250 
-250 -250 
-250 -250 
call# 698
0.0062173 
0.05 
-250 -250 
-250 -250 
-250 -250 
-250 -250 
call# 699
0.0062173 
0.05 
-250 -250 
-250 -250 
-250 -250 
-250 -250 
call# 700
0.0062173 
0.05 
-250 -250 
-250 -250 
-250 -250 
-250 -250 
call# 701
0.0062173 
0.05 
-250 -250 
-250 -250 
-250 -250 
-250 -250 
call# 702
0.0062173 
0.05 
-250 -250 
-250 -250 
-250 -250 
-250 -250 
call# 703
0.0062173 
0.05 
-250 -250 
-250 -250 
-250 -250 
-250 -250 
call# 704
0.0062173 
0.05 
-250 -250 
-250 -250 
-250 -250 
-250 -250 
call# 705
0.0062173 
0.05 
-250 -250 
-250 -250 
-250 -250 
-250 -250 
call# 706
0.0062173 
0.05 
-250 -250 
-250 -250 
-250 -250 
-250 -250 
call# 707
0.0062173 
0.05 
-250 -250 
-250 -250 
-250 -250 
-250 -250 
call# 708
0.0062173 
0.05 
-250 -250 
-250 -250 
-250 -250 
-250 -250 
call# 709
0.0062173 
0.05 
-250 -250 
-250 -250 
-250 -250 
-250 -250 
call# 710
0.0062173 
0.05 
-250 -250 
-250 -250 
-250 -250 
-250 -250 
call# 711
0.0062173 
0.05 
-250 -250 
-250 -250 
-250 -250 
-250 -250 
call# 712
0.0062173 
0.05 
-250 -250 
-250 -250 
-250 -250 
-250 -250 
call# 713
0.0062173 
0.05 
-250 -250 
-250 -250 
-250 -250 
-250 -250 
call# 714
0.0062173 
0.05 
-250 -250 
-250 -250 
-250 -250 
-250 -250 
call# 715
0.0062173 
0.05 
-250 -250 
-250 -250 
-250 -250 
-250 -250 
call# 716
0.0062173 
0.05 
-250 -250 
-250 -250 
-250 -250 
-250 -250 
call# 717
0.0062173 
0.05 
-250 -250 
-250 -250 
-250 -250 
-250 -250 
call# 718
0.0062173 
0.05 
-250 -250 
-250 -250 
-250 -250 
-250 -250 
call# 719
0.0062173 
0.05 
-250 -250 
-250 -250 
-250 -250 
-250 -250 
call# 720
0.0062173 
0.05 
-250 -250 
-250 -250 
-250 -250 
-250 -250 
call# 721
0.0062173 
0.05 
-250 -250 
-250 -250 
-250 -250 
-250 -250 
call# 722
0.0062173 
0.05 
-250 -250 
-250 -250 
-250 -250 
-250 -250 
call# 723
0.0062173 
0.05 
-250 -250 
-250 -250 
-250 -250 
-250 -250 
call# 724
0.0062173 
0.05 
-250 -250 
-250 -250 
-250 -250 
-250 -250 
call# 725
0.0062173 
0.05 
-250 -250 
-250 -250 
-250 -250 
-250 -250 
call# 726
0.0062173 
0.05 
-250 -250 
-250 -250 
-250 -250 
-250 -250 
call# 727
0.0062173 
0.05 
-250 -250 
-250 -250 
-250 -250 
-250 -250 
call# 728
0.0062173 
0.05 
-250 -250 
-250 -250 
-250 -250 
-250 -250 
call# 729
0.0062173 
0.05 
-250 -250 
-250 -250 
-250 -250 
-250 -250 
call# 730
0.0062173 
0.05 
-250 -250 
-250 -250 
-250 -250 
-250 -250 
call# 731
0.0062173 
0.05 
-250 -250 
-250 -250 
-250 -250 
-250 -250 
call# 732
0.0062173 
0.05 
-250 -250 
-250 -250 
-250 -250 
-250 -250 
call# 733
0.0062173 
0.05 
-250 -250 
-250 -250 
-250 -250 
-250 -250 
call# 734
0.0062173 
0.05 
-250 -250 
-250 -250 
-250 -250 
-250 -250 
call# 735
0.0062173 
0.05 
-250 -250 
-250 -250 
-250 -250 
-250 -250 
call# 736
0.0062173 
0.05 
-250 -250 
-250 -250 
-250 -250 
-250 -250 
call# 737
0.0062173 
0.05 
-250 -250 
-250 -250 
-250 -250 
-250 -250 
call# 738
0.0062173 
0.05 
-250 -250 
-250 -250 
-250 -250 
-250 -250 
call# 739
0.0062173 
0.05 
-250 -250 
-250 -250 
-250 -250 
-250 -250 
call# 740
0.0062173 
0.05 
-250 -250 
-250 -250 
-250 -250 
-250 -250 
call# 741
0.0062173 
0.05 
-250 -250 
-250 -250 
-250 -250 
-250 -250 
call# 742
0.0062173 
0.05 
-250 -250 
-250 -250 
-250 -250 
-250 -250 
call# 743
0.0062173 
0.05 
-250 -250 
-250 -250 
-250 -250 
-250 -250 
call# 744
0.0062173 
0.05 
-250 -250 
-250 -250 
-250 -250 
-250 -250 
call# 745
0.0062173 
0.05 
-250 -250 
-250 -250 
-250 -250 
-250 -250 
call# 746
0.0062173 
0.05 
-250 -250 
-250 -250 
-250 -250 
-250 -250 
call# 747
0.0062173 
0.05 
-250 -250 
-250 -250 
-250 -250 
-250 -250 
call# 748
0.0062173 
0.05 
-250 -250 
-250 -250 
-250 -250 
-250 -250 
call# 749
0.0062173 
0.05 
-250 -250 
-250 -250 
-250 -250 
-250 -250 
call# 750
0.0062173 
0.05 
-250 -250 
-250 -250 
-250 -250 
-250 -250 
call# 751
0.0062173 
0.05 
-250 -250 
-250 -250 
-250 -250 
-250 -250 
call# 752
0.0062173 
0.05 
-250 -250 
-250 -250 
-250 -250 
-250 -250 
call# 753
0.0062173 
0.05 
-250 -250 
-250 -250 
-250 -250 
-250 -250 
call# 754
0.0062173 
0.05 
-250 -250 
-250 -250 
-250 -250 
-250 -250 
call# 755
0.0062173 
0.05 
-250 -250 
-250 -250 
-250 -250 
-250 -250 
call# 756
0.0062173 
0.05 
-250 -250 
-250 -250 
-250 -250 
-250 -250 
call# 757
0.0062173 
0.05 
-250 -250 
-250 -250 
-250 -250 
-250 -250 
call# 758
0.0062173 
0.05 
-250 -250 
-250 -250 
-250 -250 
-250 -250 
call# 759
0.0062173 
0.05 
-250 -250 
-250 -250 
-250 -250 
-250 -250 
call# 760
0.0062173 
0.05 
-250 -250 
-250 -250 
-250 -250 
-250 -250 
call# 761
0.0062173 
0.05 
-250 -250 
-250 -250 
-250 -250 
-250 -250 
call# 762
0.0062173 
0.05 
-250 -250 
-250 -250 
-250 -250 
-250 -250 
call# 763
0.0062173 
0.05 
-250 -250 
-250 -250 
-250 -250 
-250 -250 
call# 764
0.0062173 
0.05 
-250 -250 
-250 -250 
-250 -250 
-250 -250 
call# 765
0.0062173 
0.05 
-250 -250 
-250 -250 
-250 -250 
-250 -250 
call# 766
0.0062173 
0.05 
-250 -250 
-250 -250 
-250 -250 
-250 -250 
call# 767
0.0062173 
0.05 
-250 -250 
-250 -250 
-250 -250 
-250 -250 
call# 768
0.0062173 
0.05 
-250 -250 
-250 -250 
-250 -250 
-250 -250 
call# 769
0.0062173 
0.05 
-250 -250 
-250 -250 
-250 -250 
-250 -250 
call# 770
0.0062173 
0.05 
-250 -250 
-250 -250 
-250 -250 
-250 -250 
call# 771
0.0062173 
0.05 
-250 -250 
-250 -250 
-250 -250 
-250 -250 
call# 772
0.0062173 
0.05 
-250 -250 
-250 -250 
-250 -250 
-250 -250 
call# 773
0.0062173 
0.05 
-250 -250 
-250 -250 
-250 -250 
-250 -250 
call# 774
0.0062173 
0.05 
-250 -250 
-250 -250 
-250 -250 
-250 -250 
call# 775
0.0062173 
0.05 
-250 -250 
-250 -250 
-250 -250 
-250 -250 
call# 776
0.0062173 
0.05 
-250 -250 
-250 -250 
-250 -250 
-250 -250 
call# 777
0.0062173 
0.05 
-250 -250 
-250 -250 
-250 -250 
-250 -250 
call# 778
0.0062173 
0.05 
-250 -250 
-250 -250 
-250 -250 
-250 -250 
call# 779
0.0062173 
0.05 
-250 -250 
-250 -250 
-250 -250 
-250 -250 
call# 780
0.0062173 
0.05 
-250 -250 
-250 -250 
-250 -250 
-250 -250 
call# 781
0.0062173 
0.05 
-250 -250 
-250 -250 
-250 -250 
-250 -250 
call# 782
0.0062173 
0.05 
-250 -250 
-250 -250 
-250 -250 
-250 -250 
call# 783
0.0062173 
0.05 
-250 -250 
-250 -250 
-250 -250 
-250 -250 
call# 784
0.0062173 
0.05 
-250 -250 
-250 -250 
-250 -250 
-250 -250 
call# 785
0.0062173 
0.05 
-250 -250 
-250 -250 
-250 -250 
-250 -250 
call# 786
0.0062173 
0.05 
-250 -250 
-250 -250 
-250 -250 
-250 -250 
call# 787
0.0062173 
0.05 
-250 -250 
-250 -250 
-250 -250 
-250 -250 
call# 788
0.0062173 
0.05 
-250 -250 
-250 -250 
-250 -250 
-250 -250 
call# 789
0.0062173 
0.05 
-250 -250 
-250 -250 
-250 -250 
-250 -250 
call# 790
0.0062173 
0.05 
-250 -250 
-250 -250 
-250 -250 
-250 -250 
call# 791
0.0062173 
0.05 
-250 -250 
-250 -250 
-250 -250 
-250 -250 
call# 792
0.0062173 
0.05 
-250 -250 
-250 -250 
-250 -250 
-250 -250 
call# 793
0.0062173 
0.05 
-250 -250 
-250 -250 
-250 -250 
-250 -250 
call# 794
0.0062173 
0.05 
-250 -250 
-250 -250 
-250 -250 
-250 -250 
call# 795
0.0062173 
0.05 
-250 -250 
-250 -250 
-250 -250 
-250 -250 
call# 796
0.0062173 
0.05 
-250 -250 
-250 -250 
-250 -250 
-250 -250 
call# 797
0.0062173 
0.05 
-250 -250 
-250 -250 
-250 -250 
-250 -250 
call# 798
0.0062173 
0.05 
-250 -250 
-250 -250 
-250 -250 
-250 -250 
call# 799
0.0062173 
0.05 
-250 -250 
-250 -250 
-250 -250 
-250 -250 
call# 800
0.0062173 
0.05 
-250 -250 
-250 -250 
-250 -250 
-250 -250 
call# 801
0.0062173 
0.05 
-250 -250 
-250 -250 
-250 -250 
-250 -250 
call# 802
0.0062173 
0.05 
-250 -250 
-250 -250 
-250 -250 
-250 -250 
call# 803
0.0062173 
0.05 
-250 -250 
-250 -250 
-250 -250 
-250 -250 
call# 804
0.0062173 
0.05 
-250 -250 
-250 -250 
-250 -250 
-250 -250 
call# 805
0.0062173 
0.05 
-250 -250 
-250 -250 
-250 -250 
-250 -250 
call# 806
0.0062173 
0.05 
-250 -250 
-250 -250 
-250 -250 
-250 -250 
call# 807
0.0062173 
0.05 
-250 -250 
-250 -250 
-250 -250 
-250 -250 
call# 808
0.0062173 
0.05 
-250 -250 
-250 -250 
-250 -250 
-250 -250 
call# 809
0.0062173 
0.05 
-250 -250 
-250 -250 
-250 -250 
-250 -250 
call# 810
0.0062173 
0.05 
-250 -250 
-250 -250 
-250 -250 
-250 -250 
call# 811
0.0062173 
0.05 
-250 -250 
-250 -250 
-250 -250 
-250 -250 
call# 812
0.0062173 
0.05 
-250 -250 
-250 -250 
-250 -250 
-250 -250 
call# 813
0.0062173 
0.05 
-250 -250 
-250 -250 
-250 -250 
-250 -250 
call# 814
0.0062173 
0.05 
-250 -250 
-250 -250 
-250 -250 
-250 -250 
call# 815
0.0062173 
0.05 
-250 -250 
-250 -250 
-250 -250 
-250 -250 
call# 816
0.0062173 
0.05 
-250 -250 
-250 -250 
-250 -250 
-250 -250 
call# 817
0.0062173 
0.05 
-250 -250 
-250 -250 
-250 -250 
-250 -250 
call# 818
0.0062173 
0.05 
-250 -250 
-250 -250 
-250 -250 
-250 -250 
call# 819
0.0062173 
0.05 
-250 -250 
-250 -250 
-250 -250 
-250 -250 
call# 820
0.0062173 
0.05 
-250 -250 
-250 -250 
-250 -250 
-250 -250 
call# 821
0.0062173 
0.05 
-250 -250 
-250 -250 
-250 -250 
-250 -250 
call# 822
0.0062173 
0.05 
-250 -250 
-250 -250 
-250 -250 
-250 -250 
call# 823
0.0062173 
0.05 
-250 -250 
-250 -250 
-250 -250 
-250 -250 
call# 824
0.0062173 
0.05 
-250 -250 
-250 -250 
-250 -250 
-250 -250 
call# 825
0.0062173 
0.05 
-250 -250 
-250 -250 
-250 -250 
-250 -250 
call# 826
0.0062173 
0.05 
-250 -250 
-250 -250 
-250 -250 
-250 -250 
call# 827
0.0062173 
0.05 
-250 -250 
-250 -250 
-250 -250 
-250 -250 
call# 828
0.0062173 
0.05 
-250 -250 
-250 -250 
-250 -250 
-250 -250 
call# 829
0.0062173 
0.05 
-250 -250 
-250 -250 
-250 -250 
-250 -250 
call# 830
0.0062173 
0.05 
-250 -250 
-250 -250 
-250 -250 
-250 -250 
call# 831
0.0062173 
0.05 
-250 -250 
-250 -250 
-250 -250 
-250 -250 
call# 832
0.0062173 
0.05 
-250 -250 
-250 -250 
-250 -250 
-250 -250 
call# 833
0.0062173 
0.05 
-250 -250 
-250 -250 
-250 -250 
-250 -250 
call# 834
0.0062173 
0.05 
-250 -250 
-250 -250 
-250 -250 
-250 -250 
call# 835
0.0062173 
0.05 
-250 -250 
-250 -250 
-250 -250 
-250 -250 
call# 836
0.0062173 
0.05 
-250 -250 
-250 -250 
-250 -250 
-250 -250 
call# 837
0.0062173 
0.05 
-250 -250 
-250 -250 
-250 -250 
-250 -250 
call# 838
0.0062173 
0.05 
-250 -250 
-250 -250 
-250 -250 
-250 -250 
call# 839
0.0062173 
0.05 
-250 -250 
-250 -250 
-250 -250 
-250 -250 
call# 840
0.0062173 
0.05 
-250 -250 
-250 -250 
-250 -250 
-250 -250 
call# 841
0.0062173 
0.05 
-250 -250 
-250 -250 
-250 -250 
-250 -250 
call# 842
0.0062173 
0.05 
-250 -250 
-250 -250 
-250 -250 
-250 -250 
call# 843
0.0062173 
0.05 
-250 -250 
-250 -250 
-250 -250 
-250 -250 
call# 844
0.0062173 
0.05 
-250 -250 
-250 -250 
-250 -250 
-250 -250 
call# 845
0.0062173 
0.05 
-250 -250 
-250 -250 
-250 -250 
-250 -250 
call# 846
0.0062173 
0.05 
-250 -250 
-250 -250 
-250 -250 
-250 -250 
call# 847
0.0062173 
0.05 
-250 -250 
-250 -250 
-250 -250 
-250 -250 
call# 848
0.0062173 
0.05 
-250 -250 
-250 -250 
-250 -250 
-250 -250 
call# 849
0.0062173 
0.05 
-250 -250 
-250 -250 
-250 -250 
-250 -250 
call# 850
0.0062173 
0.05 
-250 -250 
-250 -250 
-250 -250 
-250 -250 
call# 851
0.0062173 
0.05 
-250 -250 
-250 -250 
-250 -250 
-250 -250 
call# 852
0.0062173 
0.05 
-250 -250 
-250 -250 
-250 -250 
-250 -250 
call# 853
0.0062173 
0.05 
-250 -250 
-250 -250 
-250 -250 
-250 -250 
call# 854
0.0062173 
0.05 
-250 -250 
-250 -250 
-250 -250 
-250 -250 
call# 855
0.0062173 
0.05 
-250 -250 
-250 -250 
-250 -250 
-250 -250 
call# 856
0.0062173 
0.05 
-250 -250 
-250 -250 
-250 -250 
-250 -250 
call# 857
0.0062173 
0.05 
-250 -250 
-250 -250 
-250 -250 
-250 -250 
call# 858
0.0062173 
0.05 
-250 -250 
-250 -250 
-250 -250 
-250 -250 
call# 859
0.0062173 
0.05 
-250 -250 
-250 -250 
-250 -250 
-250 -250 
call# 860
0.0062173 
0.05 
-250 -250 
-250 -250 
-250 -250 
-250 -250 
call# 861
0.0062173 
0.05 
-250 -250 
-250 -250 
-250 -250 
-250 -250 
call# 862
0.0062173 
0.05 
-250 -250 
-250 -250 
-250 -250 
-250 -250 
call# 863
0.0062173 
0.05 
-250 -250 
-250 -250 
-250 -250 
-250 -250 
call# 864
0.0062173 
0.05 
-250 -250 
-250 -250 
-250 -250 
-250 -250 
call# 865
0.0062173 
0.05 
-250 -250 
-250 -250 
-250 -250 
-250 -250 
call# 866
0.0062173 
0.05 
-250 -250 
-250 -250 
-250 -250 
-250 -250 
call# 867
0.0062173 
0.05 
-250 -250 
-250 -250 
-250 -250 
-250 -250 
call# 868
0.0062173 
0.05 
-250 -250 
-250 -250 
-250 -250 
-250 -250 
call# 869
0.0062173 
0.05 
-250 -250 
-250 -250 
-250 -250 
-250 -250 
call# 870
0.0062173 
0.05 
-250 -250 
-250 -250 
-250 -250 
-250 -250 
call# 871
0.0062173 
0.05 
-250 -250 
-250 -250 
-250 -250 
-250 -250 
call# 872
0.0062173 
0.05 
-250 -250 
-250 -250 
-250 -250 
-250 -250 
call# 873
0.0062173 
0.05 
-250 -250 
-250 -250 
-250 -250 
-250 -250 
call# 874
0.0062173 
0.05 
-250 -250 
-250 -250 
-250 -250 
-250 -250 
call# 875
0.0062173 
0.05 
-250 -250 
-250 -250 
-250 -250 
-250 -250 
call# 876
0.0062173 
0.05 
-250 -250 
-250 -250 
-250 -250 
-250 -250 
call# 877
0.0062173 
0.05 
-250 -250 
-250 -250 
-250 -250 
-250 -250 
call# 878
0.0062173 
0.05 
-250 -250 
-250 -250 
-250 -250 
-250 -250 
call# 879
0.0062173 
0.05 
-250 -250 
-250 -250 
-250 -250 
-250 -250 
call# 880
0.0062173 
0.05 
-250 -250 
-250 -250 
-250 -250 
-250 -250 
call# 881
0.0062173 
0.05 
-250 -250 
-250 -250 
-250 -250 
-250 -250 
call# 882
0.0062173 
0.05 
-250 -250 
-250 -250 
-250 -250 
-250 -250 
call# 883
0.0062173 
0.05 
-250 -250 
-250 -250 
-250 -250 
-250 -250 
call# 884
0.0062173 
0.05 
-250 -250 
-250 -250 
-250 -250 
-250 -250 
call# 885
0.0062173 
0.05 
-250 -250 
-250 -250 
-250 -250 
-250 -250 
call# 886
0.0062173 
0.05 
-250 -250 
-250 -250 
-250 -250 
-250 -250 
call# 887
0.0062173 
0.05 
-250 -250 
-250 -250 
-250 -250 
-250 -250 
call# 888
0.0062173 
0.05 
-250 -250 
-250 -250 
-250 -250 
-250 -250 
call# 889
0.0062173 
0.05 
-250 -250 
-250 -250 
-250 -250 
-250 -250 
call# 890
0.0062173 
0.05 
-250 -250 
-250 -250 
-250 -250 
-250 -250 
call# 891
0.0062173 
0.05 
-250 -250 
-250 -250 
-250 -250 
-250 -250 
call# 892
0.0062173 
0.05 
-250 -250 
-250 -250 
-250 -250 
-250 -250 
call# 893
0.0062173 
0.05 
-250 -250 
-250 -250 
-250 -250 
-250 -250 
call# 894
0.0062173 
0.05 
-250 -250 
-250 -250 
-250 -250 
-250 -250 
call# 895
0.0062173 
0.05 
-250 -250 
-250 -250 
-250 -250 
-250 -250 
call# 896
0.0062173 
0.05 
-250 -250 
-250 -250 
-250 -250 
-250 -250 
call# 897
0.0062173 
0.05 
-250 -250 
-250 -250 
-250 -250 
-250 -250 
call# 898
0.0062173 
0.05 
-250 -250 
-250 -250 
-250 -250 
-250 -250 
call# 899
0.0062173 
0.05 
-250 -250 
-250 -250 
-250 -250 
-250 -250 
call# 900
0.0062173 
0.05 
-250 -250 
-250 -250 
-250 -250 
-250 -250 
call# 901
0.0062173 
0.05 
-250 -250 
-250 -250 
-250 -250 
-250 -250 
call# 902
0.0062173 
0.05 
-250 -250 
-250 -250 
-250 -250 
-250 -250 
call# 903
0.0062173 
0.05 
-250 -250 
-250 -250 
-250 -250 
-250 -250 
call# 904
0.0062173 
0.05 
-250 -250 
-250 -250 
-250 -250 
-250 -250 
call# 905
0.0062173 
0.05 
-250 -250 
-250 -250 
-250 -250 
-250 -250 
call# 906
0.0062173 
0.05 
-250 -250 
-250 -250 
-250 -250 
-250 -250 
call# 907
0.0062173 
0.05 
-250 -250 
-250 -250 
-250 -250 
-250 -250 
call# 908
0.0062173 
0.05 
-250 -250 
-250 -250 
-250 -250 
-250 -250 
call# 909
0.0062173 
0.05 
-250 -250 
-250 -250 
-250 -250 
-250 -250 
call# 910
0.0062173 
0.05 
-250 -250 
-250 -250 
-250 -250 
-250 -250 
call# 911
0.0062173 
0.05 
-250 -250 
-250 -250 
-250 -250 
-250 -250 
call# 912
0.0062173 
0.05 
-250 -250 
-250 -250 
-250 -250 
-250 -250 
call# 913
0.0062173 
0.05 
-250 -250 
-250 -250 
-250 -250 
-250 -250 
call# 914
0.0062173 
0.05 
-250 -250 
-250 -250 
-250 -250 
-250 -250 
call# 915
0.0062173 
0.05 
-250 -250 
-250 -250 
-250 -250 
-250 -250 
call# 916
0.0062173 
0.05 
-250 -250 
-250 -250 
-250 -250 
-250 -250 
call# 917
0.0062173 
0.05 
-250 -250 
-250 -250 
-250 -250 
-250 -250 
call# 918
0.0062173 
0.05 
-250 -250 
-250 -250 
-250 -250 
-250 -250 
call# 919
0.0062173 
0.05 
-250 -250 
-250 -250 
-250 -250 
-250 -250 
call# 920
0.0062173 
0.05 
-250 -250 
-250 -250 
-250 -250 
-250 -250 
call# 921
0.0062173 
0.05 
-250 -250 
-250 -250 
-250 -250 
-250 -250 
call# 922
0.0062173 
0.05 
-250 -250 
-250 -250 
-250 -250 
-250 -250 
call# 923
0.0062173 
0.05 
-250 -250 
-250 -250 
-250 -250 
-250 -250 
call# 924
0.0062173 
0.05 
-250 -250 
-250 -250 
-250 -250 
-250 -250 
call# 925
0.0062173 
0.05 
-250 -250 
-250 -250 
-250 -250 
-250 -250 
call# 926
0.0062173 
0.05 
-250 -250 
-250 -250 
-250 -250 
-250 -250 
call# 927
0.0062173 
0.05 
-250 -250 
-250 -250 
-250 -250 
-250 -250 
call# 928
0.0062173 
0.05 
-250 -250 
-250 -250 
-250 -250 
-250 -250 
call# 929
0.0062173 
0.05 
-250 -250 
-250 -250 
-250 -250 
-250 -250 
call# 930
0.0062173 
0.05 
-250 -250 
-250 -250 
-250 -250 
-250 -250 
call# 931
0.0062173 
0.05 
-250 -250 
-250 -250 
-250 -250 
-250 -250 
call# 932
0.0062173 
0.05 
-250 -250 
-250 -250 
-250 -250 
-250 -250 
call# 933
0.0062173 
0.05 
-250 -250 
-250 -250 
-250 -250 
-250 -250 
call# 934
0.0062173 
0.05 
-250 -250 
-250 -250 
-250 -250 
-250 -250 
call# 935
0.0062173 
0.05 
-250 -250 
-250 -250 
-250 -250 
-250 -250 
call# 936
0.0062173 
0.05 
-250 -250 
-250 -250 
-250 -250 
-250 -250 
call# 937
0.0062173 
0.05 
-250 -250 
-250 -250 
-250 -250 
-250 -250 
call# 938
0.0062173 
0.05 
-250 -250 
-250 -250 
-250 -250 
-250 -250 
call# 939
0.0062173 
0.05 
-250 -250 
-250 -250 
-250 -250 
-250 -250 
call# 940
0.0062173 
0.05 
-250 -250 
-250 -250 
-250 -250 
-250 -250 
call# 941
0.0062173 
0.05 
-250 -250 
-250 -250 
-250 -250 
-250 -250 
call# 942
0.0062173 
0.05 
-250 -250 
-250 -250 
-250 -250 
-250 -250 
call# 943
0.0062173 
0.05 
-250 -250 
-250 -250 
-250 -250 
-250 -250 
call# 944
0.0062173 
0.05 
-250 -250 
-250 -250 
-250 -250 
-250 -250 
call# 945
0.0062173 
0.05 
-250 -250 
-250 -250 
-250 -250 
-250 -250 
call# 946
0.0062173 
0.05 
-250 -250 
-250 -250 
-250 -250 
-250 -250 
call# 947
0.0062173 
0.05 
-250 -250 
-250 -250 
-250 -250 
-250 -250 
call# 948
0.0062173 
0.05 
-250 -250 
-250 -250 
-250 -250 
-250 -250 
call# 949
0.0062173 
0.05 
-250 -250 
-250 -250 
-250 -250 
-250 -250 
call# 950
0.0062173 
0.05 
-250 -250 
-250 -250 
-250 -250 
-250 -250 
call# 951
0.0062173 
0.05 
-250 -250 
-250 -250 
-250 -250 
-250 -250 
call# 952
0.0062173 
0.05 
-250 -250 
-250 -250 
-250 -250 
-250 -250 
call# 953
0.0062173 
0.05 
-250 -250 
-250 -250 
-250 -250 
-250 -250 
call# 954
0.0062173 
0.05 
-250 -250 
-250 -250 
-250 -250 
-250 -250 
call# 955
0.0062173 
0.05 
-250 -250 
-250 -250 
-250 -250 
-250 -250 
call# 956
0.0062173 
0.05 
-250 -250 
-250 -250 
-250 -250 
-250 -250 
call# 957
0.0062173 
0.05 
-250 -250 
-250 -250 
-250 -250 
-250 -250 
call# 958
0.0062173 
0.05 
-250 -250 
-250 -250 
-250 -250 
-250 -250 
call# 959
0.0062173 
0.05 
-250 -250 
-250 -250 
-250 -250 
-250 -250 
call# 960
0.0062173 
0.05 
-250 -250 
-250 -250 
-250 -250 
-250 -250 
call# 961
0.0062173 
0.05 
-250 -250 
-250 -250 
-250 -250 
-250 -250 
call# 962
0.0062173 
0.05 
-250 -250 
-250 -250 
-250 -250 
-250 -250 
call# 963
0.0062173 
0.05 
-250 -250 
-250 -250 
-250 -250 
-250 -250 
call# 964
0.0062173 
0.05 
-250 -250 
-250 -250 
-250 -250 
-250 -250 
call# 965
0.0062173 
0.05 
-250 -250 
-250 -250 
-250 -250 
-250 -250 
call# 966
0.0062173 
0.05 
-250 -250 
-250 -250 
-250 -250 
-250 -250 
call# 967
0.0062173 
0.05 
-250 -250 
-250 -250 
-250 -250 
-250 -250 
call# 968
0.0062173 
0.05 
-250 -250 
-250 -250 
-250 -250 
-250 -250 
call# 969
0.0062173 
0.05 
-250 -250 
-250 -250 
-250 -250 
-250 -250 
call# 970
0.0062173 
0.05 
-250 -250 
-250 -250 
-250 -250 
-250 -250 
call# 971
0.0062173 
0.05 
-250 -250 
-250 -250 
-250 -250 
-250 -250 
call# 972
0.0062173 
0.05 
-250 -250 
-250 -250 
-250 -250 
-250 -250 
call# 973
0.0062173 
0.05 
-250 -250 
-250 -250 
-250 -250 
-250 -250 
call# 974
0.0062173 
0.05 
-250 -250 
-250 -250 
-250 -250 
-250 -250 
call# 975
0.0062173 
0.05 
-250 -250 
-250 -250 
-250 -250 
-250 -250 
call# 976
0.0062173 
0.05 
-250 -250 
-250 -250 
-250 -250 
-250 -250 
call# 977
0.0062173 
0.05 
-250 -250 
-250 -250 
-250 -250 
-250 -250 
call# 978
0.0062173 
0.05 
-250 -250 
-250 -250 
-250 -250 
-250 -250 
call# 979
0.0062173 
0.05 
-250 -250 
-250 -250 
-250 -250 
-250 -250 
call# 980
0.0062173 
0.05 
-250 -250 
-250 -250 
-250 -250 
-250 -250 
call# 981
0.0062173 
0.05 
-250 -250 
-250 -250 
-250 -250 
-250 -250 
call# 982
0.0062173 
0.05 
-250 -250 
-250 -250 
-250 -250 
-250 -250 
call# 983
0.0062173 
0.05 
-250 -250 
-250 -250 
-250 -250 
-250 -250 
call# 984
0.0062173 
0.05 
-250 -250 
-250 -250 
-250 -250 
-250 -250 
call# 985
0.0062173 
0.05 
-250 -250 
-250 -250 
-250 -250 
-250 -250 
call# 986
0.0062173 
0.05 
-250 -250 
-250 -250 
-250 -250 
-250 -250 
call# 987
0.0062173 
0.05 
-250 -250 
-250 -250 
-250 -250 
-250 -250 
call# 988
0.0062173 
0.05 
-250 -250 
-250 -250 
-250 -250 
-250 -250 
call# 989
0.0062173 
0.05 
-250 -250 
-250 -250 
-250 -250 
-250 -250 
call# 990
0.0062173 
0.05 
-250 -250 
-250 -250 
-250 -250 
-250 -250 
call# 991
0.0062173 
0.05 
-250 -250 
-250 -250 
-250 -250 
-250 -250 
call# 992
0.0062173 
0.05 
-250 -250 
-250 -250 
-250 -250 
-250 -250 
call# 993
0.0062173 
0.05 
-250 -250 
-250 -250 
-250 -250 
-250 -250 
call# 994
0.0062173 
0.05 
-250 -250 
-250 -250 
-250 -250 
-250 -250 
call# 995
0.0062173 
0.05 
-250 -250 
-250 -250 
-250 -250 
-250 -250 
call# 996
0.0062173 
0.05 
-250 -250 
-250 -250 
-250 -250 
-250 -250 
call# 997
0.0062173 
0.05 
-250 -250 
-250 -250 
-250 -250 
-250 -250 
call# 998
0.0062173 
0.05 
-250 -250 
-250 -250 
-250 -250 
-250 -250 
call# 999
